Base:

infected:
[[0,3],[1,3.4],[2,4],[3,4.4],[4,5.2],[5,6.2],[6,6.4],[7,7],[8,8.4],[9,9.2],[10,10.6],[11,13.2],[12,15.8],[13,19.2],[14,22.2],[15,27.2],[16,31.6],[17,38.2],[18,43.2],[19,48.2],[20,52.8],[21,58.8],[22,64.4],[23,71.8],[24,81.2],[25,91.8],[26,102],[27,109.8],[28,116.4],[29,126.2],[30,134.2],[31,140.8],[32,148],[33,153.4],[34,157.6],[35,161.2],[36,164.6],[37,167.2],[38,167.4],[39,171],[40,169.6],[41,168.4],[42,164],[43,158.6],[44,152.6],[45,146.2],[46,141.4],[47,136.8],[48,128.2],[49,121],[50,114.8],[51,105.8],[52,99.4],[53,91],[54,84.6],[55,75.8],[56,69],[57,61.4],[58,53.2],[59,49],[60,44.8],[61,41.4],[62,36.6],[63,32.2],[64,27.8],[65,23.8],[66,21],[67,18.8],[68,15.6],[69,12.6],[70,11],[71,9],[72,8.2],[73,6.6],[74,5.6],[75,5],[76,4.4],[77,4],[78,3.2],[79,2.6],[80,2.2],[81,2.8],[82,3],[83,4.5],[84,3.5],[85,3.5],[86,2.5],[87,2],[88,2],[89,2],[90,2],[91,2],[92,2],[93,1.5],[94,1],[95,1],[96,1],[97,0.5],[98,1],[99,1],[100,0]]

diseased:
[[0,0],[1,0],[2,0],[3,0],[4,0],[5,0],[6,0],[7,0],[8,0],[9,0],[10,0],[11,0],[12,0],[13,0],[14,0],[15,0],[16,0],[17,0],[18,0],[19,0],[20,0],[21,0],[22,0],[23,0],[24,0],[25,0],[26,0],[27,0],[28,0],[29,0],[30,0],[31,0.2],[32,0.6],[33,1],[34,1],[35,1],[36,1.4],[37,1.6],[38,2],[39,2.2],[40,2.8],[41,2.8],[42,3.2],[43,3.4],[44,3.4],[45,4.2],[46,4.6],[47,5],[48,5.2],[49,5.6],[50,5.8],[51,5.8],[52,6.2],[53,6.6],[54,7],[55,7.2],[56,7.4],[57,7.6],[58,7.6],[59,7.6],[60,7.6],[61,7.8],[62,7.8],[63,8],[64,8.4],[65,8.4],[66,8.4],[67,8.8],[68,9.2],[69,9.2],[70,9.2],[71,9.4],[72,9.4],[73,9.6],[74,9.6],[75,9.6],[76,9.8],[77,10],[78,10],[79,10],[80,10],[81,9.5],[82,9.3],[83,11.5],[84,11.5],[85,11.5],[86,11.5],[87,11.5],[88,11.5],[89,11.5],[90,11.5],[91,11.5],[92,11.5],[93,11.5],[94,11.5],[95,11.5],[96,11.5],[97,11.5],[98,7],[99,7],[100,7]]

br:
[[0,0],[1,2.4],[2,2.6],[3,2.3],[4,2.2],[5,2.4],[6,2.2],[7,2.4],[8,2.5],[9,2.5],[10,2.2],[11,2.8],[12,2.9],[13,3.1],[14,2.9],[15,2.8],[16,3],[17,3.1],[18,3.2],[19,3.4],[20,3.6],[21,3.4],[22,3.1],[23,3.3],[24,3.3],[25,3.3],[26,3.1],[27,3.2],[28,3.1],[29,3.1],[30,3.1],[31,3.2],[32,3.1],[33,3],[34,3],[35,3.1],[36,3.1],[37,3.1],[38,3.1],[39,3.1],[40,3.1],[41,3.1],[42,3.1],[43,3],[44,3],[45,3.1],[46,3],[47,3],[48,3],[49,3],[50,3],[51,3.1],[52,3.1],[53,3.1],[54,3],[55,3.1],[56,3],[57,3],[58,3],[59,3],[60,3.1],[61,3],[62,3.1],[63,3.1],[64,3.2],[65,3.2],[66,3.2],[67,3.1],[68,3.1],[69,3.1],[70,3.1],[71,3.1],[72,3],[73,3.1],[74,3],[75,2.9],[76,3],[77,3],[78,2.8],[79,2.8],[80,2.1],[81,1.6],[82,1.8],[83,2.6],[84,3.1],[85,3],[86,3],[87,2.7],[88,3],[89,2.7],[90,2.6],[91,2.6],[92,2.7],[93,3],[94,3.1],[95,3.3],[96,3.3],[97,1.9],[98,3.9],[99,4.1],[100,0]]

nr:
[[0,0],[1,2.4],[2,2.6],[3,2.3],[4,2.2],[5,2],[6,2],[7,2.2],[8,2.4],[9,2.2],[10,2],[11,2.3],[12,2.6],[13,2.6],[14,2.4],[15,2.3],[16,2.4],[17,2.4],[18,2.5],[19,2.6],[20,2.5],[21,2.4],[22,2.3],[23,2.3],[24,2.2],[25,2.2],[26,2],[27,2],[28,1.8],[29,1.8],[30,1.7],[31,1.7],[32,1.6],[33,1.5],[34,1.4],[35,1.3],[36,1.3],[37,1.2],[38,1.1],[39,1],[40,1],[41,1],[42,0.9],[43,0.8],[44,0.8],[45,0.7],[46,0.7],[47,0.6],[48,0.6],[49,0.5],[50,0.5],[51,0.5],[52,0.4],[53,0.4],[54,0.4],[55,0.3],[56,0.3],[57,0.3],[58,0.3],[59,0.3],[60,0.3],[61,0.2],[62,0.3],[63,0.3],[64,0.3],[65,0.3],[66,0.3],[67,0.2],[68,0.2],[69,0.3],[70,0.2],[71,0.2],[72,0.2],[73,0.3],[74,0.2],[75,0.2],[76,0.2],[77,0.3],[78,0.3],[79,0.3],[80,0.2],[81,0.2],[82,0.1],[83,0.2],[84,0.2],[85,0.2],[86,0.2],[87,0.1],[88,0.1],[89,0.1],[90,0.1],[91,0.1],[92,0.1],[93,0.1],[94,0],[95,0],[96,0],[97,0],[98,0],[99,0],[100,0]]

----------

hotspot

