100%

infected: 197
[[0,3],[1,3.8],[2,3.8],[3,3.8],[4,4.5],[5,5.3],[6,5.5],[7,6.5],[8,6.5],[9,7.3],[10,9.3],[11,10.8],[12,13.3],[13,14.8],[14,16.8],[15,19.8],[16,21.5],[17,24],[18,28.5],[19,31.8],[20,34.5],[21,39.3],[22,42],[23,42.8],[24,45.8],[25,51.3],[26,54.3],[27,57.5],[28,60.8],[29,62],[30,64.3],[31,65.8],[32,67.8],[33,69.8],[34,72.5],[35,75.5],[36,77.3],[37,76.5],[38,73],[39,72],[40,70.5],[41,73],[42,76.5],[43,77],[44,75],[45,73],[46,72.8],[47,72],[48,72.8],[49,71.8],[50,71.3],[51,69.5],[52,67.8],[53,65],[54,62.5],[55,61.5],[56,59.8],[57,58.5],[58,57],[59,56],[60,52.3],[61,49.5],[62,47.8],[63,45],[64,44],[65,42],[66,39.5],[67,36.5],[68,34.5],[69,32.3],[70,31],[71,30.3],[72,28],[73,26],[74,23.5],[75,22.3],[76,21.5],[77,21.3],[78,19.3],[79,18.3],[80,16.3],[81,13.8],[82,14],[83,13],[84,12],[85,11.5],[86,10.5],[87,10],[88,9],[89,8.8],[90,7.5],[91,7.3],[92,7.3],[93,7],[94,6.3],[95,5.8],[96,5],[97,4.8],[98,4.3],[99,4],[100,4],[101,3],[102,3],[103,3],[104,2.8],[105,2.8],[106,2.5],[107,2.3],[108,2],[109,2],[110,1.5],[111,1.5],[112,1],[113,1.3],[114,1],[115,1],[116,1],[117,1],[118,1],[119,1],[120,1],[121,1.5],[122,1.5],[123,2],[124,2],[125,2],[126,2],[127,2],[128,1.5],[129,3],[130,2],[131,2],[132,2],[133,2],[134,2],[135,2],[136,2],[137,2],[138,2],[139,1],[140,1],[141,1],[142,0]]

diseased: 9
[[0,0],[1,0],[2,0],[3,0],[4,0],[5,0],[6,0],[7,0],[8,0],[9,0],[10,0],[11,0],[12,0],[13,0],[14,0],[15,0],[16,0],[17,0],[18,0],[19,0.3],[20,0.5],[21,0.5],[22,0.5],[23,0.8],[24,0.8],[25,0.8],[26,1],[27,1],[28,1],[29,1],[30,1],[31,1.3],[32,1.3],[33,1.3],[34,1.3],[35,1.3],[36,1.5],[37,1.8],[38,2.3],[39,2.3],[40,2.3],[41,2.3],[42,2.3],[43,2.8],[44,3],[45,3.3],[46,3.3],[47,3.5],[48,3.5],[49,3.5],[50,3.8],[51,4.3],[52,4.3],[53,4.3],[54,4.5],[55,5],[56,5.3],[57,5.5],[58,5.5],[59,5.8],[60,6.5],[61,6.8],[62,6.8],[63,6.8],[64,7],[65,7.3],[66,7.3],[67,7.5],[68,7.5],[69,7.5],[70,7.5],[71,7.8],[72,8.3],[73,8.5],[74,8.8],[75,8.8],[76,9.3],[77,9.3],[78,9.3],[79,9.3],[80,9.3],[81,9.3],[82,9.3],[83,9.3],[84,9.3],[85,9.3],[86,9.3],[87,9.3],[88,9.3],[89,9.3],[90,9.3],[91,9.3],[92,9.3],[93,9.3],[94,9.3],[95,9.5],[96,9.5],[97,9.5],[98,9.5],[99,9.5],[100,9.5],[101,9.5],[102,9.5],[103,9.5],[104,9.5],[105,9.5],[106,9.5],[107,9.5],[108,9.5],[109,9.5],[110,9.5],[111,9.5],[112,9.5],[113,10.3],[114,10.3],[115,10.3],[116,10.3],[117,10.3],[118,10.3],[119,10.3],[120,10.3],[121,7.5],[122,7.5],[123,7.5],[124,7.5],[125,7.5],[126,7.5],[127,7.5],[128,7.5],[129,9],[130,9],[131,9],[132,9],[133,9],[134,9],[135,9],[136,9],[137,9],[138,9],[139,9],[140,9],[141,9],[142,9]]

nr:
[[0,0],[1,2],[2,1.5],[3,1.4],[4,1.6],[5,1.4],[6,1.4],[7,1.2],[8,1.3],[9,1.3],[10,2.8],[11,2.2],[12,2.8],[13,3],[14,2.6],[15,3.2],[16,2.8],[17,2.9],[18,2.5],[19,3.3],[20,2.7],[21,2.7],[22,2.6],[23,2.5],[24,2.1],[25,1.8],[26,1.8],[27,1.7],[28,1.6],[29,1.4],[30,1.3],[31,1.3],[32,1.2],[33,1.2],[34,1.1],[35,1.1],[36,1.1],[37,1],[38,1.1],[39,1],[40,1],[41,1],[42,1],[43,1],[44,1],[45,0.9],[46,0.9],[47,0.9],[48,0.9],[49,0.9],[50,0.9],[51,0.8],[52,0.8],[53,0.8],[54,0.8],[55,0.8],[56,0.8],[57,0.8],[58,0.8],[59,0.8],[60,0.8],[61,0.7],[62,0.7],[63,0.7],[64,0.7],[65,0.7],[66,0.7],[67,0.7],[68,0.7],[69,0.7],[70,0.7],[71,0.6],[72,0.7],[73,0.7],[74,0.6],[75,0.5],[76,0.6],[77,0.5],[78,0.5],[79,0.6],[80,0.6],[81,0.6],[82,0.6],[83,0.6],[84,0.5],[85,0.7],[86,0.6],[87,0.5],[88,0.5],[89,0.5],[90,0.5],[91,0.5],[92,0.5],[93,0.5],[94,0.4],[95,0.5],[96,0.7],[97,0.6],[98,0.5],[99,0.6],[100,0.6],[101,0.7],[102,0.6],[103,0.6],[104,0.5],[105,0.5],[106,0.5],[107,0.5],[108,0.4],[109,0.5],[110,0.6],[111,0.4],[112,0.1],[113,0.3],[114,0.4],[115,0.3],[116,0.3],[117,0.3],[118,0.3],[119,0.3],[120,0.2],[121,0.3],[122,0.3],[123,0.4],[124,0.4],[125,0.5],[126,0.4],[127,0.4],[128,0.1],[129,0.3],[130,0.3],[131,0.3],[132,0.3],[133,0.3],[134,0.5],[135,0.5],[136,0.5],[137,0.5],[138,0.6],[139,0.6],[140,0.6],[141,0.6],[142,0]]

40%

infected: 172
[[0,3],[1,3.2],[2,3.4],[3,3.8],[4,4.8],[5,5.2],[6,7.2],[7,9.4],[8,11],[9,12],[10,13],[11,15.4],[12,17.6],[13,18.8],[14,21.2],[15,24.8],[16,27.2],[17,30.8],[18,34.4],[19,36.8],[20,39.2],[21,42.6],[22,47.8],[23,49.8],[24,50.8],[25,52.2],[26,52.2],[27,53.8],[28,56.4],[29,59.8],[30,62.6],[31,63.2],[32,65.6],[33,65.8],[34,66.6],[35,69.8],[36,72.2],[37,74],[38,74.2],[39,76.4],[40,75.2],[41,71.8],[42,72.2],[43,73.6],[44,74.4],[45,76.8],[46,77],[47,76.8],[48,76.6],[49,74.6],[50,74.8],[51,76],[52,75.4],[53,74],[54,70],[55,65.2],[56,62.8],[57,60.2],[58,58.6],[59,58.8],[60,61],[61,60.4],[62,60],[63,57.4],[64,54.4],[65,53.4],[66,51],[67,48.8],[68,46.6],[69,45.6],[70,42.8],[71,42],[72,40.8],[73,40.2],[74,40.4],[75,38.6],[76,37],[77,35.2],[78,33.6],[79,30],[80,28.6],[81,27],[82,26],[83,25.8],[84,23.8],[85,24.2],[86,23.4],[87,23.4],[88,22],[89,20.4],[90,25.3],[91,24.3],[92,24],[93,22.8],[94,21.5],[95,20],[96,19.5],[97,18.8],[98,18],[99,17.3],[100,16.3],[101,15.5],[102,13.8],[103,14],[104,12.3],[105,11],[106,10.3],[107,9.5],[108,9.5],[109,11.3],[110,15.5],[111,14],[112,13.5],[113,13.5],[114,13],[115,11],[116,10],[117,9.5],[118,8],[119,8],[120,8],[121,8],[122,6.5],[123,6.5],[124,6.5],[125,5.5],[126,6],[127,5],[128,4.5],[129,3.5],[130,3],[131,2.5],[132,4],[133,4],[134,3],[135,4],[136,4],[137,3],[138,3],[139,3],[140,3],[141,4],[142,4],[143,3],[144,3],[145,2],[146,2],[147,2],[148,2],[149,3],[150,3],[151,3],[152,5],[153,5],[154,4],[155,4],[156,5],[157,5],[158,5],[159,5],[160,4],[161,4],[162,5],[163,5],[164,5],[165,5],[166,5],[167,5],[168,4],[169,4],[170,4],[171,2],[172,2],[173,2],[174,2],[175,1],[176,1],[177,1],[178,1],[179,1],[180,1],[181,0]]

diseased: 13
[[0,0],[1,0],[2,0],[3,0],[4,0],[5,0],[6,0],[7,0],[8,0],[9,0],[10,0],[11,0],[12,0],[13,0],[14,0],[15,0],[16,0],[17,0],[18,0],[19,0.2],[20,0.2],[21,0.2],[22,0.2],[23,0.2],[24,0.2],[25,0.4],[26,0.4],[27,0.4],[28,0.4],[29,0.4],[30,0.4],[31,0.4],[32,0.6],[33,0.6],[34,0.6],[35,0.6],[36,0.6],[37,0.6],[38,0.6],[39,0.8],[40,1],[41,1],[42,1.2],[43,1.2],[44,1.6],[45,1.6],[46,1.8],[47,2],[48,2],[49,2],[50,2.2],[51,2.2],[52,2.4],[53,2.6],[54,2.6],[55,2.8],[56,3.2],[57,3.2],[58,3.4],[59,3.4],[60,3.6],[61,3.6],[62,4],[63,4.2],[64,4.6],[65,4.8],[66,5],[67,5],[68,5],[69,5],[70,5.4],[71,5.4],[72,5.4],[73,5.4],[74,5.4],[75,5.6],[76,5.6],[77,5.8],[78,5.8],[79,6.2],[80,6.4],[81,6.6],[82,6.6],[83,6.6],[84,6.8],[85,6.8],[86,6.8],[87,6.8],[88,6.8],[89,7],[90,6.5],[91,6.5],[92,6.5],[93,6.8],[94,7],[95,7.3],[96,7.3],[97,7.3],[98,7.8],[99,8.3],[100,8.3],[101,8.3],[102,8.5],[103,8.5],[104,8.5],[105,8.8],[106,8.8],[107,8.8],[108,8.8],[109,8.7],[110,8.5],[111,8.5],[112,8.5],[113,8.5],[114,8.5],[115,8.5],[116,8.5],[117,8.5],[118,8.5],[119,8.5],[120,8.5],[121,8.5],[122,8.5],[123,8.5],[124,8.5],[125,8.5],[126,8.5],[127,8.5],[128,8.5],[129,8.5],[130,8.5],[131,8.5],[132,12],[133,12],[134,12],[135,12],[136,12],[137,12],[138,12],[139,12],[140,12],[141,12],[142,12],[143,12],[144,12],[145,12],[146,12],[147,12],[148,12],[149,12],[150,12],[151,12],[152,12],[153,12],[154,12],[155,12],[156,12],[157,12],[158,12],[159,12],[160,12],[161,12],[162,12],[163,12],[164,12],[165,12],[166,12],[167,12],[168,12],[169,12],[170,12],[171,13],[172,13],[173,13],[174,13],[175,13],[176,13],[177,13],[178,13],[179,13],[180,13],[181,13]]

nr:
[[0,0],[1,2.6],[2,2.2],[3,2.8],[4,2.9],[5,2.4],[6,3],[7,2.7],[8,2.5],[9,2.2],[10,2.3],[11,2.2],[12,2],[13,2.1],[14,2],[15,2.6],[16,2.5],[17,2.1],[18,2.1],[19,2],[20,2.4],[21,2.3],[22,3],[23,2.4],[24,2.1],[25,2.6],[26,2.3],[27,2],[28,2],[29,2.1],[30,2],[31,2],[32,1.9],[33,1.9],[34,1.9],[35,2],[36,2.1],[37,2],[38,1.9],[39,1.7],[40,1.7],[41,1.7],[42,1.7],[43,1.6],[44,2],[45,1.7],[46,1.5],[47,1.4],[48,1.3],[49,1.4],[50,1.3],[51,1.3],[52,1.2],[53,1.1],[54,1],[55,1],[56,1],[57,1.1],[58,1],[59,1.1],[60,1],[61,1],[62,1],[63,0.9],[64,0.9],[65,0.8],[66,0.8],[67,0.8],[68,0.8],[69,0.8],[70,0.9],[71,0.9],[72,0.9],[73,0.9],[74,0.8],[75,0.8],[76,0.7],[77,0.7],[78,0.7],[79,0.6],[80,0.7],[81,0.7],[82,0.7],[83,0.7],[84,0.6],[85,0.7],[86,0.6],[87,0.6],[88,0.7],[89,0.7],[90,0.8],[91,0.9],[92,0.7],[93,0.8],[94,0.7],[95,0.7],[96,0.7],[97,0.7],[98,0.8],[99,0.7],[100,0.7],[101,0.7],[102,0.7],[103,0.7],[104,0.6],[105,0.7],[106,0.5],[107,0.5],[108,0.3],[109,0.4],[110,0.6],[111,0.5],[112,0.5],[113,0.5],[114,0.4],[115,0.6],[116,0.5],[117,0.4],[118,0.5],[119,0.5],[120,0.5],[121,0.4],[122,0.4],[123,0.4],[124,0.3],[125,0.4],[126,0.5],[127,0.5],[128,0.4],[129,0.4],[130,0.5],[131,0.4],[132,0.8],[133,0.7],[134,0.7],[135,0.5],[136,0.5],[137,0.6],[138,0.8],[139,0.9],[140,1.4],[141,0.9],[142,0.9],[143,0.7],[144,0.7],[145,0.9],[146,1],[147,1.1],[148,1],[149,1.1],[150,1.4],[151,1.4],[152,3.6],[153,2.5],[154,2.5],[155,2.3],[156,1.6],[157,1.5],[158,1.3],[159,1.3],[160,1.2],[161,1.2],[162,1],[163,0.9],[164,0.9],[165,0.8],[166,0.8],[167,0.8],[168,0.7],[169,0.6],[170,0.7],[171,0.3],[172,0.2],[173,0.3],[174,0.3],[175,0.5],[176,0.6],[177,0.6],[178,0.5],[179,0.5],[180,0.5],[181,0]]

20%

infected: 283
[[0,3],[1,3.5],[2,3.5],[3,3.5],[4,3.5],[5,4.5],[6,5],[7,5.5],[8,6],[9,7],[10,8],[11,9.5],[12,11.5],[13,14],[14,17],[15,18.5],[16,22.5],[17,26.5],[18,32],[19,31],[20,36.5],[21,41],[22,49],[23,53],[24,56.5],[25,60.5],[26,66],[27,70],[28,73.5],[29,81.5],[30,85.5],[31,86],[32,87.5],[33,90.5],[34,99.5],[35,101],[36,105],[37,109],[38,111.5],[39,111.5],[40,114],[41,116.5],[42,121],[43,120.5],[44,124.5],[45,123.5],[46,123],[47,123],[48,117.5],[49,117.5],[50,119],[51,120.5],[52,117],[53,109.5],[54,107.5],[55,101.5],[56,94.5],[57,93.5],[58,88.5],[59,84],[60,74.5],[61,67.5],[62,66.5],[63,60.5],[64,57.5],[65,54.5],[66,50.5],[67,48.5],[68,44],[69,41.5],[70,36],[71,33.5],[72,30.5],[73,27],[74,26],[75,23.5],[76,20],[77,19.5],[78,17.5],[79,16.5],[80,15.5],[81,12.5],[82,10.5],[83,8.5],[84,7.5],[85,7],[86,5.5],[87,4.5],[88,3],[89,3],[90,3],[91,3.5],[92,3.5],[93,2.5],[94,2.5],[95,2.5],[96,2.5],[97,2],[98,2],[99,1.5],[100,1.5],[101,1],[102,1],[103,1],[104,1],[105,1],[106,1],[107,1],[108,1],[109,1],[110,0.5],[111,1],[112,1],[113,1],[114,1],[115,0]]

diseased: 14
[[0,0],[1,0],[2,0],[3,0],[4,0],[5,0],[6,0],[7,0],[8,0],[9,0],[10,0],[11,0],[12,0],[13,0],[14,0],[15,0],[16,0],[17,0],[18,0],[19,0.5],[20,0.5],[21,0.5],[22,0.5],[23,0.5],[24,0.5],[25,0.5],[26,0.5],[27,0.5],[28,0.5],[29,0.5],[30,0.5],[31,0.5],[32,0.5],[33,0.5],[34,0.5],[35,1],[36,1],[37,1.5],[38,1.5],[39,1.5],[40,1.5],[41,1.5],[42,1.5],[43,1.5],[44,1.5],[45,1.5],[46,1.5],[47,1.5],[48,2],[49,2.5],[50,2.5],[51,2.5],[52,3],[53,3],[54,3.5],[55,3.5],[56,3.5],[57,3.5],[58,3.5],[59,3.5],[60,3.5],[61,4],[62,4],[63,4],[64,4],[65,4],[66,4.5],[67,5],[68,5],[69,5],[70,5],[71,5],[72,5],[73,5],[74,5],[75,5],[76,5.5],[77,6],[78,6.5],[79,6.5],[80,6.5],[81,6.5],[82,6.5],[83,6.5],[84,6.5],[85,6.5],[86,6.5],[87,6.5],[88,6.5],[89,6.5],[90,6.5],[91,6.5],[92,6.5],[93,6.5],[94,6.5],[95,6.5],[96,6.5],[97,6.5],[98,6.5],[99,6.5],[100,6.5],[101,6.5],[102,6.5],[103,6.5],[104,6.5],[105,6.5],[106,6.5],[107,6.5],[108,6.5],[109,6.5],[110,6.5],[111,5],[112,5],[113,5],[114,5],[115,6]]

nr:
[[0,0],[1,2.3],[2,1.8],[3,2],[4,1.8],[5,4.5],[6,1.6],[7,1.9],[8,2.5],[9,2.1],[10,2.2],[11,2.4],[12,2.5],[13,2.1],[14,2.9],[15,2.4],[16,2.4],[17,3],[18,2.5],[19,2.2],[20,2.7],[21,2.9],[22,3.3],[23,2.8],[24,2.2],[25,2.2],[26,2.1],[27,1.9],[28,1.8],[29,2.2],[30,1.9],[31,2],[32,1.9],[33,1.8],[34,1.8],[35,1.7],[36,1.6],[37,1.4],[38,1.4],[39,1.3],[40,1.2],[41,1.3],[42,1.2],[43,1.2],[44,1.1],[45,1.1],[46,1],[47,1],[48,0.9],[49,0.9],[50,0.8],[51,0.8],[52,0.8],[53,0.7],[54,0.7],[55,0.7],[56,0.6],[57,0.6],[58,0.6],[59,0.6],[60,0.6],[61,0.5],[62,0.5],[63,0.4],[64,0.4],[65,0.4],[66,0.4],[67,0.4],[68,0.4],[69,0.5],[70,0.4],[71,0.3],[72,0.3],[73,0.3],[74,0.3],[75,0.3],[76,0.3],[77,0.3],[78,0.3],[79,0.3],[80,0.3],[81,0.3],[82,0.4],[83,0.3],[84,0.3],[85,0.3],[86,0.3],[87,0.3],[88,0.3],[89,0.3],[90,0.3],[91,0.3],[92,0.3],[93,0.2],[94,0.2],[95,0.2],[96,0.2],[97,0.1],[98,0.1],[99,0.1],[100,0.1],[101,0],[102,0],[103,0],[104,0],[105,0],[106,0],[107,0],[108,0],[109,0],[110,0],[111,0.1],[112,0.5],[113,0.5],[114,0.5],[115,0]]
