100%

infected: 82
[[0,3],[1,3.4],[2,3.6],[3,3.8],[4,4.6],[5,6.4],[6,7.4],[7,8.2],[8,9.8],[9,11],[10,13],[11,14.8],[12,17.4],[13,19.8],[14,23.2],[15,27],[16,30],[17,35.6],[18,40.6],[19,44],[20,51.2],[21,58.4],[22,63],[23,62.6],[24,61.4],[25,60.6],[26,60],[27,58.6],[28,57.4],[29,56.4],[30,55],[31,53.4],[32,51],[33,48],[34,44.6],[35,42.2],[36,36.8],[37,32.2],[38,26.4],[39,18.8],[40,11.4],[41,6.6],[42,6.2],[43,5.6],[44,5.4],[45,5.2],[46,5.4],[47,5.4],[48,5],[49,4.6],[50,3.6],[51,3.6],[52,3.4],[53,3],[54,2.4],[55,2.8],[56,2.3],[57,1.5],[58,1.5],[59,1.5],[60,1.5],[61,1.5],[62,1.5],[63,1.5],[64,1.5],[65,1],[66,1.3],[67,0.3],[68,1],[69,1],[70,1],[71,0]]

diseased: 4
[[0,0],[1,0],[2,0],[3,0],[4,0],[5,0],[6,0],[7,0],[8,0],[9,0],[10,0],[11,0],[12,0],[13,0],[14,0],[15,0],[16,0],[17,0],[18,0],[19,0.2],[20,0.2],[21,0.2],[22,0.2],[23,0.2],[24,0.2],[25,0.2],[26,0.2],[27,0.4],[28,0.4],[29,0.4],[30,0.4],[31,0.8],[32,1],[33,1],[34,1],[35,1],[36,1.2],[37,1.2],[38,1.2],[39,1.4],[40,2],[41,2.2],[42,2.2],[43,2.2],[44,2.2],[45,2.2],[46,2.2],[47,2.2],[48,2.4],[49,2.4],[50,2.4],[51,2.4],[52,2.6],[53,2.6],[54,2.6],[55,3],[56,3],[57,3],[58,3],[59,3],[60,3],[61,3],[62,3],[63,3],[64,3],[65,3],[66,3],[67,3],[68,4],[69,4],[70,4],[71,4]]

nr:
[[0,0],[1,2.4],[2,2.3],[3,2.4],[4,3.2],[5,3.6],[6,3.6],[7,3.1],[8,3],[9,2.8],[10,3.4],[11,2.8],[12,2.9],[13,2.5],[14,2.6],[15,2.6],[16,2.6],[17,2.4],[18,2.5],[19,2.5],[20,2.4],[21,2.3],[22,2],[23,1.7],[24,1.5],[25,1.3],[26,1.2],[27,1.1],[28,1],[29,0.9],[30,0.8],[31,0.7],[32,0.6],[33,0.6],[34,0.5],[35,0.5],[36,0.4],[37,0.3],[38,0.3],[39,0.3],[40,0.2],[41,0.2],[42,0.2],[43,0.2],[44,0.3],[45,0.3],[46,0.3],[47,0.3],[48,0.3],[49,0.3],[50,0.2],[51,0.2],[52,0.2],[53,0.3],[54,0.1],[55,0.1],[56,0.2],[57,0.1],[58,0.1],[59,0.1],[60,0.1],[61,0.1],[62,0.1],[63,0.1],[64,0.1],[65,0.1],[66,0.1],[67,0.1],[68,0.3],[69,0.2],[70,0.2],[71,0]]

----------

66.6%

infected: 183
[[0,3],[1,3.5],[2,4.5],[3,4.5],[4,5.5],[5,7.5],[6,9.5],[7,11],[8,12],[9,13],[10,15.5],[11,18.5],[12,22],[13,26],[14,29],[15,30],[16,37],[17,41],[18,49],[19,49.5],[20,57],[21,64],[22,70],[23,73],[24,76.5],[25,78],[26,82],[27,81.5],[28,83.5],[29,82.5],[30,85],[31,85],[32,86],[33,89],[34,91],[35,86.5],[36,86],[37,79],[38,79],[39,74],[40,69],[41,65],[42,64],[43,62],[44,60.5],[45,56],[46,56.5],[47,54.5],[48,53.5],[49,48.5],[50,47.5],[51,43],[52,38],[53,36.5],[54,35.5],[55,33],[56,32.5],[57,30],[58,27.5],[59,25.5],[60,24],[61,22],[62,18.5],[63,17],[64,17],[65,16],[66,16.5],[67,16],[68,15.5],[69,14],[70,14.5],[71,14.5],[72,14],[73,13.5],[74,13],[75,13],[76,13.5],[77,13.5],[78,12.5],[79,13],[80,12.5],[81,14],[82,13.5],[83,12.5],[84,13],[85,12],[86,12],[87,12],[88,11],[89,10],[90,10],[91,9],[92,8.5],[93,8.5],[94,8],[95,7],[96,6.5],[97,7],[98,6],[99,6],[100,4.5],[101,4.5],[102,4.5],[103,4],[104,3.5],[105,3.5],[106,3.5],[107,3.5],[108,3.5],[109,2.5],[110,2.5],[111,2],[112,1.5],[113,1.5],[114,1],[115,2],[116,1],[117,1],[118,0]]

diseased: 9
[[0,0],[1,0],[2,0],[3,0],[4,0],[5,0],[6,0],[7,0],[8,0],[9,0],[10,0],[11,0],[12,0],[13,0],[14,0],[15,0],[16,0],[17,0],[18,0],[19,0],[20,0],[21,0],[22,0],[23,0.5],[24,0.5],[25,0.5],[26,0.5],[27,0.5],[28,1],[29,1],[30,1],[31,1],[32,1],[33,1],[34,1],[35,1],[36,1],[37,1.5],[38,1.5],[39,2.5],[40,2.5],[41,3],[42,4],[43,5],[44,5],[45,5],[46,5],[47,5],[48,5],[49,5.5],[50,5.5],[51,6],[52,6],[53,6.5],[54,6.5],[55,6.5],[56,6.5],[57,7],[58,7.5],[59,7.5],[60,7.5],[61,7.5],[62,7.5],[63,7.5],[64,7.5],[65,7.5],[66,7.5],[67,7.5],[68,7.5],[69,7.5],[70,7.5],[71,7.5],[72,7.5],[73,8],[74,8],[75,8],[76,8],[77,8.5],[78,8.5],[79,8.5],[80,8.5],[81,8.5],[82,8.5],[83,8.5],[84,8.5],[85,8.5],[86,8.5],[87,8.5],[88,8.5],[89,8.5],[90,8.5],[91,8.5],[92,8.5],[93,8.5],[94,8.5],[95,8.5],[96,8.5],[97,8.5],[98,8.5],[99,8.5],[100,8.5],[101,8.5],[102,8.5],[103,9],[104,9],[105,9],[106,9],[107,9],[108,9],[109,9.5],[110,9.5],[111,9.5],[112,9.5],[113,9.5],[114,9.5],[115,9],[116,9],[117,9],[118,9]]

nr:
[[0,0],[1,2.3],[2,1.5],[3,2.6],[4,3],[5,4.4],[6,3.2],[7,4.5],[8,2.7],[9,2.7],[10,3.1],[11,2.8],[12,4.1],[13,3.3],[14,3.3],[15,2.9],[16,2.7],[17,2.4],[18,2.4],[19,2.4],[20,2.5],[21,2.5],[22,2.1],[23,1.8],[24,1.6],[25,1.5],[26,1.4],[27,1.3],[28,1.2],[29,1.2],[30,1.1],[31,1],[32,1],[33,0.9],[34,0.9],[35,0.8],[36,0.8],[37,0.8],[38,0.8],[39,0.8],[40,0.8],[41,0.8],[42,0.8],[43,0.9],[44,0.7],[45,0.7],[46,0.7],[47,0.6],[48,0.6],[49,0.6],[50,0.5],[51,0.5],[52,0.5],[53,0.5],[54,0.5],[55,0.4],[56,0.4],[57,0.4],[58,0.4],[59,0.4],[60,0.3],[61,0.3],[62,0.3],[63,0.4],[64,0.4],[65,0.4],[66,0.4],[67,0.6],[68,0.5],[69,0.5],[70,0.4],[71,0.8],[72,0.6],[73,0.8],[74,0.7],[75,0.8],[76,0.7],[77,0.6],[78,0.5],[79,0.5],[80,0.6],[81,0.7],[82,0.5],[83,0.5],[84,0.5],[85,0.5],[86,0.5],[87,0.5],[88,0.5],[89,0.6],[90,0.5],[91,0.8],[92,0.7],[93,0.7],[94,0.7],[95,0.7],[96,0.6],[97,0.6],[98,0.8],[99,0.7],[100,0.5],[101,0.5],[102,0.5],[103,0.5],[104,0.4],[105,0.4],[106,0.3],[107,0.4],[108,0.3],[109,0.5],[110,0.5],[111,0.7],[112,0.6],[113,0.6],[114,0.1],[115,0.2],[116,0.5],[117,0.5],[118,0]]

------------

33.3%

infected: 191
[[0,3],[1,3.7],[2,4.7],[3,5.3],[4,5.3],[5,5.7],[6,6.3],[7,8.3],[8,10],[9,12.3],[10,14.7],[11,16.3],[12,19],[13,22.3],[14,25.3],[15,27],[16,29.3],[17,35],[18,39.7],[19,44],[20,50],[21,56],[22,62.3],[23,67.3],[24,72],[25,75.3],[26,78],[27,82.7],[28,86],[29,88],[30,91.7],[31,95.3],[32,97],[33,99.3],[34,103.7],[35,107],[36,108],[37,110],[38,106],[39,105],[40,104.7],[41,103.3],[42,104.3],[43,105.3],[44,105.7],[45,104.3],[46,102.7],[47,102.3],[48,101.3],[49,98.3],[50,95.7],[51,92.3],[52,90],[53,88.3],[54,85.3],[55,81],[56,75.7],[57,73.3],[58,70.7],[59,65.3],[60,61.3],[61,56.3],[62,51],[63,47.3],[64,45],[65,41],[66,36.3],[67,34.7],[68,32.7],[69,29.7],[70,28.3],[71,25.3],[72,21.7],[73,19.7],[74,17.7],[75,16.3],[76,15.3],[77,12.3],[78,11],[79,10],[80,9],[81,8.3],[82,7.7],[83,6.7],[84,6],[85,5.3],[86,4],[87,3.7],[88,4.5],[89,4],[90,4],[91,3],[92,2],[93,1.5],[94,3],[95,3],[96,3],[97,3],[98,1],[99,1],[100,1],[101,1],[102,1],[103,1],[104,1],[105,0]]

diseased: 5
[[0,0],[1,0],[2,0],[3,0],[4,0],[5,0],[6,0],[7,0],[8,0],[9,0],[10,0],[11,0],[12,0],[13,0],[14,0],[15,0],[16,0],[17,0],[18,0],[19,0],[20,0],[21,0],[22,0],[23,0],[24,0],[25,0],[26,0],[27,0],[28,0],[29,0],[30,0],[31,0],[32,0],[33,0.3],[34,0.3],[35,0.3],[36,0.7],[37,0.7],[38,0.7],[39,1],[40,1],[41,1],[42,1.3],[43,1.3],[44,1.3],[45,1.3],[46,1.3],[47,1.3],[48,1.7],[49,1.7],[50,2.3],[51,2.7],[52,3.3],[53,3.7],[54,4],[55,4.3],[56,5],[57,5],[58,5],[59,5],[60,5],[61,5],[62,5],[63,5],[64,5],[65,5],[66,5],[67,5],[68,5],[69,5],[70,5],[71,5.3],[72,5.3],[73,5.3],[74,5.3],[75,5.3],[76,5.3],[77,5.3],[78,5.3],[79,5.3],[80,5.3],[81,5.3],[82,5.3],[83,5.3],[84,5.3],[85,5.3],[86,6],[87,6],[88,6.5],[89,6.5],[90,6.5],[91,6.5],[92,6.5],[93,6.5],[94,5],[95,5],[96,5],[97,5],[98,5],[99,5],[100,5],[101,5],[102,5],[103,5],[104,5],[105,5]]

nr:
[[0,0],[1,4.4],[2,3.3],[3,3.6],[4,3.1],[5,2.9],[6,2.6],[7,2.6],[8,2.7],[9,2.8],[10,1.9],[11,2.6],[12,2.4],[13,2.7],[14,2.8],[15,2.6],[16,2.5],[17,2.6],[18,2.5],[19,2.6],[20,2.5],[21,2.3],[22,2.1],[23,1.9],[24,2],[25,1.8],[26,1.6],[27,1.6],[28,1.7],[29,1.5],[30,1.4],[31,1.4],[32,1.4],[33,1.3],[34,1.3],[35,1.3],[36,1.3],[37,1.2],[38,1.1],[39,1.1],[40,1.2],[41,1.1],[42,1.1],[43,1],[44,1],[45,0.9],[46,0.9],[47,0.8],[48,0.8],[49,0.8],[50,0.7],[51,0.7],[52,0.7],[53,0.6],[54,0.6],[55,0.6],[56,0.6],[57,0.5],[58,0.5],[59,0.6],[60,0.5],[61,0.5],[62,0.5],[63,0.5],[64,0.4],[65,0.4],[66,0.4],[67,0.4],[68,0.4],[69,0.4],[70,0.4],[71,0.4],[72,0.4],[73,0.4],[74,0.3],[75,0.4],[76,0.4],[77,0.3],[78,0.3],[79,0.2],[80,0.2],[81,0.2],[82,0.2],[83,0.4],[84,0.4],[85,0.4],[86,0.2],[87,0.2],[88,0.4],[89,0.5],[90,0.5],[91,0.3],[92,0.2],[93,0],[94,0],[95,0.1],[96,0.1],[97,0.2],[98,0.3],[99,0.3],[100,0.3],[101,0.3],[102,0.3],[103,0.2],[104,0.2],[105,0]]
