100%

infected: 205
[[0,3],[1,3],[2,3],[3,3.5],[4,4.5],[5,5.5],[6,6.5],[7,7.5],[8,8],[9,10.5],[10,11.5],[11,15],[12,16.5],[13,20],[14,24],[15,26.5],[16,30],[17,36],[18,41.5],[19,43],[20,52],[21,58],[22,62],[23,63.5],[24,67.5],[25,69.5],[26,72.5],[27,75],[28,75.5],[29,78],[30,79.5],[31,80.5],[32,80],[33,79],[34,81],[35,80.5],[36,80.5],[37,78],[38,75.5],[39,70],[40,68.5],[41,68],[42,66],[43,63.5],[44,63.5],[45,63],[46,63.5],[47,64],[48,63],[49,61.5],[50,62.5],[51,61.5],[52,62],[53,60],[54,60],[55,57.5],[56,57],[57,56],[58,53.5],[59,50.5],[60,46.5],[61,48],[62,48],[63,48],[64,46],[65,44.5],[66,42.5],[67,41],[68,40],[69,38],[70,36.5],[71,35],[72,34.5],[73,32.5],[74,29],[75,27.5],[76,27.5],[77,28],[78,27.5],[79,29],[80,28],[81,25.5],[82,23.5],[83,23],[84,22.5],[85,22],[86,22],[87,20],[88,19],[89,19.5],[90,18],[91,16],[92,15],[93,15],[94,14],[95,13],[96,13],[97,13],[98,11.5],[99,11.5],[100,12],[101,11.5],[102,10.5],[103,18],[104,16],[105,15],[106,15],[107,15],[108,13],[109,12],[110,13],[111,13],[112,13],[113,14],[114,14],[115,12],[116,10],[117,10],[118,8],[119,7],[120,6],[121,6],[122,6],[123,6],[124,5],[125,4],[126,3],[127,3],[128,3],[129,2],[130,2],[131,2],[132,1],[133,1],[134,0]]

diseased:
[[0,0],[1,0],[2,0],[3,0],[4,0],[5,0],[6,0],[7,0],[8,0],[9,0],[10,0],[11,0],[12,0],[13,0],[14,0],[15,0],[16,0],[17,0],[18,0],[19,0],[20,0],[21,0],[22,0],[23,0],[24,0],[25,0],[26,0],[27,0],[28,0],[29,0.5],[30,0.5],[31,0.5],[32,0.5],[33,1.5],[34,1.5],[35,1.5],[36,1.5],[37,1.5],[38,2],[39,3],[40,3.5],[41,3.5],[42,3.5],[43,3.5],[44,3.5],[45,3.5],[46,4.5],[47,4.5],[48,5],[49,5],[50,5],[51,5.5],[52,5.5],[53,6],[54,6],[55,6],[56,6],[57,6],[58,6],[59,6.5],[60,7],[61,7],[62,7],[63,7],[64,7.5],[65,8],[66,8.5],[67,8.5],[68,9],[69,9],[70,9],[71,9.5],[72,9.5],[73,9.5],[74,9.5],[75,10],[76,10],[77,10],[78,10.5],[79,10.5],[80,10.5],[81,11],[82,11],[83,11],[84,11],[85,11],[86,11],[87,12],[88,12],[89,12],[90,12],[91,12.5],[92,12.5],[93,12.5],[94,13],[95,13],[96,13],[97,13],[98,13],[99,13],[100,13],[101,13],[102,13],[103,14],[104,14],[105,14],[106,14],[107,14],[108,14],[109,14],[110,14],[111,14],[112,14],[113,14],[114,14],[115,14],[116,14],[117,14],[118,14],[119,14],[120,14],[121,14],[122,14],[123,14],[124,14],[125,14],[126,14],[127,14],[128,14],[129,14],[130,14],[131,14],[132,14],[133,14],[134,14]]

br:
[[0,0],[1,3.9],[2,3],[3,3],[4,3.5],[5,3.6],[6,3.5],[7,3.2],[8,3.5],[9,3],[10,2.8],[11,3.9],[12,2.8],[13,2.6],[14,3.5],[15,2.9],[16,2.9],[17,2.8],[18,2.4],[19,2.6],[20,4.2],[21,4],[22,1.5],[23,1.5],[24,1.5],[25,1.6],[26,1.4],[27,1.4],[28,1.5],[29,1.5],[30,1.4],[31,1.4],[32,1.5],[33,1.4],[34,1.5],[35,1.4],[36,1.3],[37,1.5],[38,1.5],[39,1.4],[40,1.5],[41,1.5],[42,1.5],[43,1.5],[44,1.5],[45,1.5],[46,1.6],[47,1.5],[48,1.5],[49,1.5],[50,1.3],[51,1.3],[52,1.4],[53,1.3],[54,1.4],[55,1.4],[56,1.4],[57,1.3],[58,1.4],[59,1.4],[60,1.3],[61,1.4],[62,1.4],[63,1.4],[64,1.5],[65,1.5],[66,1.3],[67,1.4],[68,1.3],[69,1.4],[70,1.4],[71,1.4],[72,1.3],[73,1.4],[74,1.3],[75,1.4],[76,1.3],[77,1.2],[78,1.2],[79,1.5],[80,1.4],[81,1.4],[82,1.4],[83,1.4],[84,1.3],[85,1.3],[86,1.4],[87,1.3],[88,1.3],[89,1.3],[90,1.3],[91,1.4],[92,1.4],[93,1.4],[94,1.5],[95,1.4],[96,1.4],[97,1.2],[98,1.2],[99,1.4],[100,1.3],[101,1.3],[102,0.7],[103,1.5],[104,1.6],[105,1.5],[106,1.4],[107,1.4],[108,1.3],[109,1.3],[110,1.2],[111,1.2],[112,1.1],[113,1.3],[114,1.3],[115,1.1],[116,1.5],[117,1.3],[118,1.4],[119,1.3],[120,1.3],[121,1.2],[122,1.3],[123,1.3],[124,1.4],[125,1.2],[126,1.2],[127,1.2],[128,1.3],[129,1.7],[130,1.7],[131,1.7],[132,1.9],[133,1.8],[134,0]]

nr:
[[0,0],[1,2.6],[2,2.3],[3,2.6],[4,3.3],[5,3.4],[6,3.2],[7,2.8],[8,3.1],[9,2.8],[10,2.6],[11,3],[12,2.3],[13,2.3],[14,2.8],[15,2.4],[16,2.6],[17,2.5],[18,2.2],[19,1.9],[20,3.2],[21,2.3],[22,1.1],[23,1],[24,1.1],[25,1.1],[26,1],[27,1],[28,1.1],[29,1.1],[30,1],[31,1],[32,1],[33,1],[34,1],[35,1],[36,0.9],[37,1],[38,1],[39,0.9],[40,0.9],[41,1],[42,0.9],[43,1],[44,0.9],[45,0.9],[46,0.9],[47,0.9],[48,0.8],[49,0.8],[50,0.8],[51,0.7],[52,0.8],[53,0.7],[54,0.7],[55,0.7],[56,0.7],[57,0.6],[58,0.7],[59,0.6],[60,0.6],[61,0.6],[62,0.6],[63,0.6],[64,0.5],[65,0.5],[66,0.5],[67,0.5],[68,0.5],[69,0.6],[70,0.6],[71,0.5],[72,0.5],[73,0.5],[74,0.5],[75,0.5],[76,0.4],[77,0.4],[78,0.4],[79,0.4],[80,0.4],[81,0.4],[82,0.4],[83,0.4],[84,0.4],[85,0.3],[86,0.4],[87,0.4],[88,0.4],[89,0.3],[90,0.3],[91,0.3],[92,0.3],[93,0.3],[94,0.3],[95,0.3],[96,0.3],[97,0.2],[98,0.2],[99,0.3],[100,0.2],[101,0.3],[102,0.2],[103,0.4],[104,0.5],[105,0.4],[106,0.4],[107,0.4],[108,0.3],[109,0.3],[110,0.3],[111,0.3],[112,0.2],[113,0.3],[114,0.3],[115,0.3],[116,0.4],[117,0.3],[118,0.3],[119,0.3],[120,0.2],[121,0.2],[122,0.2],[123,0.3],[124,0.3],[125,0.2],[126,0.2],[127,0.2],[128,0.2],[129,0.3],[130,0.4],[131,0.3],[132,0.5],[133,0.5],[134,0]]

66.6%

infected:
[[0,3],[1,3],[2,3.5],[3,3.5],[4,4],[5,4],[6,5.5],[7,7],[8,8.5],[9,11],[10,13.5],[11,18],[12,20],[13,22.5],[14,26],[15,28.5],[16,36.5],[17,41],[18,45],[19,48.5],[20,55],[21,62.5],[22,67.5],[23,70.5],[24,74.5],[25,78],[26,81],[27,83],[28,89.5],[29,94],[30,97.5],[31,104.5],[32,108.5],[33,114],[34,121.5],[35,118],[36,121.5],[37,121],[38,120],[39,118.5],[40,120],[41,122],[42,124],[43,122.5],[44,121.5],[45,121],[46,120],[47,114],[48,112.5],[49,108.5],[50,99.5],[51,95.5],[52,89.5],[53,83],[54,79],[55,73],[56,70.5],[57,66],[58,62.5],[59,53.5],[60,48],[61,42.5],[62,41],[63,38],[64,35],[65,32.5],[66,30.5],[67,25],[68,21],[69,22],[70,20.5],[71,17.5],[72,14],[73,13.5],[74,11.5],[75,10.5],[76,10.5],[77,9],[78,8.5],[79,7],[80,7.5],[81,6.5],[82,5.5],[83,4.5],[84,4.5],[85,3.5],[86,4.5],[87,5],[88,4],[89,3],[90,3],[91,3],[92,3],[93,3.5],[94,3.5],[95,2.5],[96,2.5],[97,3],[98,3],[99,2.5],[100,5],[101,5],[102,5],[103,6],[104,7],[105,5],[106,4],[107,5],[108,5],[109,5],[110,5],[111,5],[112,4],[113,5],[114,5],[115,5],[116,4],[117,4],[118,4],[119,4],[120,4],[121,4],[122,3],[123,3],[124,3],[125,3],[126,2],[127,2],[128,2],[129,2],[130,2],[131,2],[132,2],[133,2],[134,2],[135,2],[136,2],[137,2],[138,2],[139,2],[140,2],[141,2],[142,1],[143,1],[144,1],[145,1],[146,1],[147,1],[148,1],[149,1],[150,1],[151,0]]

diseased:
[[0,0],[1,0],[2,0],[3,0],[4,0],[5,0],[6,0],[7,0],[8,0],[9,0],[10,0],[11,0],[12,0],[13,0],[14,0],[15,0],[16,0],[17,0],[18,0],[19,0],[20,0],[21,0],[22,0],[23,0],[24,0],[25,0],[26,0],[27,0],[28,0],[29,0],[30,0],[31,0],[32,0],[33,0],[34,0],[35,0],[36,0.5],[37,1],[38,1],[39,1.5],[40,2],[41,2],[42,2.5],[43,2.5],[44,2.5],[45,3],[46,3],[47,3.5],[48,3.5],[49,3.5],[50,4],[51,4.5],[52,5],[53,5],[54,5.5],[55,5.5],[56,5.5],[57,5.5],[58,5.5],[59,5.5],[60,5.5],[61,5.5],[62,5.5],[63,6],[64,6.5],[65,6.5],[66,6.5],[67,6.5],[68,7],[69,7],[70,7],[71,7],[72,7],[73,7],[74,7],[75,7],[76,7],[77,7.5],[78,7.5],[79,7.5],[80,7.5],[81,8],[82,8],[83,8],[84,8],[85,8],[86,8],[87,8],[88,8.5],[89,8.5],[90,8.5],[91,8.5],[92,8.5],[93,8.5],[94,8.5],[95,9],[96,9],[97,9],[98,9],[99,9],[100,7],[101,7],[102,7],[103,7],[104,7],[105,7],[106,7],[107,7],[108,7],[109,7],[110,7],[111,7],[112,7],[113,7],[114,7],[115,7],[116,7],[117,7],[118,7],[119,7],[120,7],[121,7],[122,7],[123,7],[124,7],[125,7],[126,7],[127,7],[128,7],[129,7],[130,7],[131,7],[132,7],[133,7],[134,7],[135,7],[136,7],[137,7],[138,7],[139,7],[140,7],[141,7],[142,7],[143,7],[144,7],[145,7],[146,7],[147,7],[148,7],[149,7],[150,7],[151,7]]

br:
[[0,0],[1,1.9],[2,2.3],[3,1.8],[4,2],[5,2.3],[6,2.1],[7,2.5],[8,2.5],[9,2.4],[10,2.3],[11,2.8],[12,2.5],[13,2.4],[14,3.4],[15,3.5],[16,2.9],[17,2.5],[18,2.6],[19,2.5],[20,2.6],[21,3],[22,2.1],[23,2.2],[24,2.1],[25,2],[26,2.1],[27,2],[28,1.9],[29,1.9],[30,2.1],[31,1.9],[32,2],[33,2],[34,2.1],[35,2.1],[36,2],[37,2.1],[38,2.1],[39,2.1],[40,2.1],[41,2],[42,2],[43,2],[44,2],[45,2],[46,2],[47,2],[48,2.1],[49,2],[50,1.9],[51,1.9],[52,2],[53,1.9],[54,2],[55,2],[56,2],[57,2],[58,2],[59,2],[60,2.1],[61,2],[62,1.9],[63,1.9],[64,2.3],[65,2.2],[66,2.4],[67,2.3],[68,2.3],[69,2.3],[70,2.2],[71,2.3],[72,2.3],[73,2.2],[74,2.2],[75,2.2],[76,2],[77,2.2],[78,2.2],[79,2.3],[80,2.1],[81,2.4],[82,2.4],[83,2.4],[84,2.2],[85,2.2],[86,1.8],[87,1.6],[88,2.1],[89,1.8],[90,1.9],[91,1.9],[92,1.8],[93,1.7],[94,2.6],[95,2.3],[96,2.1],[97,1.8],[98,1.7],[99,1.1],[100,2.4],[101,2.1],[102,2],[103,1.6],[104,2.8],[105,2.6],[106,3],[107,2.1],[108,3],[109,2.7],[110,2.8],[111,2.7],[112,2.3],[113,2.1],[114,2.5],[115,2.4],[116,2.3],[117,2.5],[118,2.4],[119,2.4],[120,2.3],[121,2.4],[122,2.4],[123,2.9],[124,2.3],[125,2.1],[126,1.8],[127,1.9],[128,1.7],[129,1.6],[130,1.8],[131,1.8],[132,2.5],[133,3.3],[134,3],[135,3.3],[136,3.1],[137,3.2],[138,3],[139,2.7],[140,2.8],[141,2.7],[142,3],[143,3],[144,3.1],[145,3.3],[146,3.3],[147,3],[148,3.2],[149,3],[150,2.9],[151,0]]

nr:
[[0,0],[1,1.9],[2,2.3],[3,1.8],[4,2],[5,2.3],[6,2.1],[7,2.5],[8,2.5],[9,2.4],[10,2],[11,2.4],[12,2.2],[13,2],[14,2.4],[15,2.7],[16,2.4],[17,2],[18,1.9],[19,1.8],[20,1.9],[21,2.2],[22,1.4],[23,1.4],[24,1.4],[25,1.3],[26,1.4],[27,1.2],[28,1.1],[29,1.2],[30,1.2],[31,1.1],[32,1.1],[33,1.1],[34,1.1],[35,1.1],[36,1],[37,1],[38,1],[39,0.9],[40,0.9],[41,0.8],[42,0.8],[43,0.8],[44,0.8],[45,0.8],[46,0.7],[47,0.7],[48,0.7],[49,0.6],[50,0.6],[51,0.6],[52,0.6],[53,0.5],[54,0.6],[55,0.6],[56,0.6],[57,0.5],[58,0.5],[59,0.5],[60,0.5],[61,0.4],[62,0.4],[63,0.4],[64,0.4],[65,0.4],[66,0.4],[67,0.4],[68,0.4],[69,0.4],[70,0.4],[71,0.4],[72,0.4],[73,0.4],[74,0.3],[75,0.3],[76,0.3],[77,0.4],[78,0.4],[79,0.4],[80,0.4],[81,0.5],[82,0.5],[83,0.5],[84,0.5],[85,0.5],[86,0.4],[87,0.4],[88,0.3],[89,0.3],[90,0.3],[91,0.2],[92,0.2],[93,0.3],[94,0.4],[95,0.4],[96,0.3],[97,0.3],[98,0.3],[99,0.1],[100,0.3],[101,0.3],[102,0.3],[103,0.3],[104,0.3],[105,0.3],[106,0.3],[107,0.3],[108,0.3],[109,0.4],[110,0.6],[111,0.6],[112,0.5],[113,0.4],[114,0.4],[115,0.3],[116,0.3],[117,0.3],[118,0.4],[119,0.4],[120,0.3],[121,0.3],[122,0.4],[123,0.3],[124,0.3],[125,0.3],[126,0.2],[127,0.2],[128,0.2],[129,0.2],[130,0.2],[131,0.1],[132,1.9],[133,0.8],[134,0.5],[135,0.4],[136,0.3],[137,0.2],[138,0.3],[139,0.3],[140,0.3],[141,0.3],[142,0.3],[143,0.5],[144,0.4],[145,0.4],[146,0.4],[147,0.3],[148,0.3],[149,0.3],[150,0.3],[151,0]]

33.3%

infected:
[[0,3],[1,4],[2,4.5],[3,4.5],[4,5.5],[5,6],[6,8.5],[7,9],[8,10.5],[9,12],[10,16],[11,17.5],[12,17.5],[13,20],[14,22],[15,25],[16,31],[17,36],[18,43],[19,47.5],[20,52],[21,57.5],[22,63.5],[23,71],[24,76.5],[25,84.5],[26,87],[27,95.5],[28,101.5],[29,103.5],[30,109],[31,115],[32,120],[33,125],[34,130],[35,132.5],[36,136.5],[37,133],[38,132.5],[39,132.5],[40,132.5],[41,132],[42,130],[43,128],[44,125],[45,127],[46,122],[47,117.5],[48,115],[49,111],[50,107.5],[51,102.5],[52,97.5],[53,90.5],[54,84],[55,76],[56,74],[57,67],[58,63],[59,57.5],[60,53],[61,47.5],[62,45.5],[63,39],[64,34.5],[65,29.5],[66,26.5],[67,24],[68,21.5],[69,19],[70,18],[71,16],[72,15],[73,13],[74,12],[75,10.5],[76,10.5],[77,9],[78,8.5],[79,7.5],[80,6.5],[81,4.5],[82,3.5],[83,3],[84,3],[85,3],[86,2],[87,1.5],[88,1.5],[89,0]]

diseased:
[[0,0],[1,0],[2,0],[3,0],[4,0],[5,0],[6,0],[7,0],[8,0],[9,0],[10,0],[11,0],[12,0],[13,0],[14,0],[15,0],[16,0],[17,0],[18,0],[19,0],[20,0],[21,0],[22,0],[23,0],[24,0],[25,0],[26,0],[27,0],[28,0],[29,0],[30,0],[31,0],[32,0],[33,0],[34,0],[35,0.5],[36,0.5],[37,0.5],[38,1],[39,1],[40,1.5],[41,1.5],[42,1.5],[43,2],[44,2.5],[45,2.5],[46,2.5],[47,2.5],[48,2.5],[49,3],[50,3],[51,3],[52,3],[53,3.5],[54,3.5],[55,4],[56,4],[57,4],[58,4],[59,4.5],[60,4.5],[61,5],[62,5.5],[63,5.5],[64,5.5],[65,5.5],[66,6],[67,6],[68,6],[69,6],[70,6],[71,6],[72,6],[73,6.5],[74,6.5],[75,7],[76,7],[77,7],[78,7],[79,7],[80,7],[81,7],[82,7],[83,7],[84,7],[85,7],[86,7],[87,7],[88,7],[89,7]]

br:
[[0,0],[1,2.4],[2,2.3],[3,3.8],[4,4],[5,3.5],[6,3.1],[7,3.1],[8,3.1],[9,2.5],[10,2.8],[11,3],[12,2.8],[13,2.5],[14,3],[15,3.2],[16,3.2],[17,3.2],[18,3.5],[19,3.1],[20,3],[21,2.8],[22,2.5],[23,2.6],[24,2.4],[25,2.4],[26,2.4],[27,2.5],[28,2.4],[29,2.4],[30,2.5],[31,2.5],[32,2.5],[33,2.6],[34,2.7],[35,2.5],[36,2.5],[37,2.4],[38,2.5],[39,2.5],[40,2.5],[41,2.5],[42,2.5],[43,2.5],[44,2.5],[45,2.4],[46,2.5],[47,2.4],[48,2.4],[49,2.4],[50,2.4],[51,2.4],[52,2.4],[53,2.4],[54,2.5],[55,2.5],[56,2.5],[57,2.6],[58,2.5],[59,2.7],[60,2.7],[61,2.8],[62,2.5],[63,2.6],[64,2.6],[65,2.7],[66,2.8],[67,2.5],[68,2.4],[69,2.4],[70,2.5],[71,2.7],[72,2.6],[73,2.7],[74,2.8],[75,2.7],[76,2.6],[77,2.5],[78,2.5],[79,2.4],[80,2.3],[81,2.4],[82,2.3],[83,2.3],[84,2.3],[85,2.3],[86,2.2],[87,2.3],[88,2.4],[89,0]]

nr:
[[0,0],[1,2.4],[2,2.3],[3,3.8],[4,4],[5,3.5],[6,3.1],[7,3.1],[8,3.1],[9,2.5],[10,2.6],[11,2.4],[12,2.4],[13,2.2],[14,2.4],[15,2.8],[16,2.7],[17,2.5],[18,2.9],[19,2.5],[20,2.3],[21,2.2],[22,1.9],[23,1.8],[24,1.7],[25,1.7],[26,1.6],[27,1.6],[28,1.4],[29,1.4],[30,1.4],[31,1.4],[32,1.4],[33,1.3],[34,1.3],[35,1.2],[36,1.2],[37,1.1],[38,1.2],[39,1.1],[40,1],[41,1],[42,0.9],[43,0.9],[44,0.9],[45,0.8],[46,0.8],[47,0.7],[48,0.7],[49,0.7],[50,0.7],[51,0.6],[52,0.6],[53,0.6],[54,0.5],[55,0.5],[56,0.5],[57,0.5],[58,0.5],[59,0.5],[60,0.5],[61,0.6],[62,0.5],[63,0.5],[64,0.4],[65,0.4],[66,0.4],[67,0.4],[68,0.4],[69,0.3],[70,0.3],[71,0.3],[72,0.3],[73,0.3],[74,0.3],[75,0.3],[76,0.3],[77,0.3],[78,0.3],[79,0.3],[80,0.2],[81,0.3],[82,0.2],[83,0.2],[84,0.2],[85,0.2],[86,0],[87,0],[88,0],[89,0]]
