10%

infected: 93
[[0,3],[1,3.3],[2,4.3],[3,5],[4,5.3],[5,5.7],[6,6],[7,8],[8,10.7],[9,12],[10,13.3],[11,16],[12,18.3],[13,20.3],[14,21.7],[15,27.3],[16,31.7],[17,35.7],[18,41],[19,43],[20,48.7],[21,52.7],[22,60],[23,64],[24,70.7],[25,75],[26,79.7],[27,82],[28,89],[29,92.7],[30,94.7],[31,99.7],[32,102],[33,107],[34,105.3],[35,106.7],[36,107],[37,105.3],[38,102.3],[39,101.3],[40,99.3],[41,95],[42,92],[43,87.7],[44,86.3],[45,81],[46,77.3],[47,70.7],[48,68.7],[49,65],[50,59.3],[51,55],[52,50.7],[53,47],[54,42],[55,38.3],[56,35.3],[57,35],[58,31],[59,28.3],[60,25],[61,24.3],[62,22.3],[63,19],[64,18.7],[65,17.3],[66,16.3],[67,14],[68,20.5],[69,18.5],[70,18.5],[71,15.5],[72,15.5],[73,15],[74,14],[75,13.5],[76,11],[77,9.5],[78,9],[79,9],[80,8.5],[81,7.5],[82,7.5],[83,6],[84,13],[85,11],[86,9],[87,8],[88,8],[89,8],[90,8],[91,7],[92,6],[93,6],[94,5],[95,5],[96,5],[97,5],[98,4],[99,3],[100,3],[101,3],[102,3],[103,2],[104,2],[105,2],[106,1],[107,0]]

diseased: 5
[[0,0],[1,0],[2,0],[3,0],[4,0],[5,0],[6,0],[7,0],[8,0],[9,0],[10,0],[11,0],[12,0],[13,0],[14,0],[15,0],[16,0],[17,0],[18,0],[19,0.7],[20,0.7],[21,0.7],[22,0.7],[23,1],[24,1],[25,1],[26,1],[27,1],[28,1],[29,1],[30,1],[31,1],[32,1],[33,1],[34,1],[35,1.3],[36,1.3],[37,1.3],[38,1.7],[39,2],[40,2],[41,2.7],[42,3],[43,3.3],[44,4],[45,4],[46,4.3],[47,4.3],[48,4.3],[49,4.3],[50,4.3],[51,4.7],[52,5.3],[53,5.3],[54,5.3],[55,5.3],[56,5.3],[57,5.3],[58,5.3],[59,5.7],[60,5.7],[61,6],[62,6.3],[63,6.7],[64,6.7],[65,6.7],[66,6.7],[67,6.7],[68,5],[69,5],[70,5],[71,5],[72,5],[73,5],[74,5],[75,5],[76,5],[77,5],[78,5],[79,5],[80,5],[81,5],[82,5],[83,5],[84,5],[85,5],[86,5],[87,5],[88,5],[89,5],[90,5],[91,5],[92,5],[93,5],[94,5],[95,5],[96,5],[97,5],[98,5],[99,5],[100,5],[101,5],[102,5],[103,5],[104,5],[105,5],[106,5],[107,5]]

nr:
[[0,0],[1,4.7],[2,3.7],[3,3.4],[4,3.6],[5,3],[6,3],[7,2.3],[8,3.2],[9,2.8],[10,3.2],[11,2.8],[12,2.8],[13,3.1],[14,2.5],[15,3.4],[16,2.4],[17,2.6],[18,2.4],[19,2.2],[20,1.9],[21,2],[22,2],[23,1.7],[24,1.4],[25,1.7],[26,1.5],[27,1.8],[28,1.6],[29,1.5],[30,1.2],[31,1.3],[32,1.1],[33,1],[34,1],[35,1],[36,0.9],[37,0.8],[38,0.7],[39,0.7],[40,0.7],[41,0.6],[42,0.6],[43,0.5],[44,0.5],[45,0.5],[46,0.4],[47,0.3],[48,0.3],[49,0.3],[50,0.3],[51,0.3],[52,0.5],[53,0.3],[54,0.2],[55,0.3],[56,0.2],[57,0.3],[58,0.3],[59,0.4],[60,0.4],[61,0.3],[62,0.3],[63,0.3],[64,0.2],[65,0.2],[66,0.2],[67,0.2],[68,0.3],[69,0.2],[70,0.1],[71,0.2],[72,0.3],[73,0.2],[74,0.1],[75,0.1],[76,0.1],[77,0.1],[78,0.1],[79,0.1],[80,0.1],[81,0.1],[82,0.1],[83,0.1],[84,0.1],[85,0.1],[86,0.2],[87,0.3],[88,0.4],[89,0.3],[90,0.2],[91,0.3],[92,0.4],[93,0.3],[94,0.3],[95,0.3],[96,0.3],[97,0.3],[98,0.3],[99,0.3],[100,0.3],[101,0.2],[102,0.3],[103,0],[104,0],[105,0],[106,0],[107,0]]

----------

5%

infected: 244
[[0,3],[1,3.5],[2,3.8],[3,4.8],[4,5.8],[5,6.3],[6,7.5],[7,8],[8,10.8],[9,11.8],[10,13.3],[11,14.5],[12,17.3],[13,19.5],[14,23.8],[15,29.5],[16,34.8],[17,38.3],[18,42.5],[19,47],[20,52],[21,59.3],[22,63.8],[23,71.3],[24,76.8],[25,80.8],[26,88.8],[27,91.3],[28,98.5],[29,101.8],[30,107],[31,109.8],[32,113],[33,114.3],[34,115.3],[35,116.5],[36,117.5],[37,117.3],[38,116.3],[39,116.5],[40,113.8],[41,113.3],[42,111.5],[43,110.8],[44,112],[45,110.3],[46,109.3],[47,105.3],[48,102.8],[49,99],[50,97.3],[51,94.3],[52,90.3],[53,85.5],[54,81.3],[55,78.5],[56,75.5],[57,70],[58,65],[59,62],[60,59],[61,53.5],[62,48.8],[63,43.3],[64,37],[65,33.3],[66,29.3],[67,27],[68,25],[69,21.5],[70,19],[71,17.5],[72,15.5],[73,13.5],[74,11.8],[75,10.8],[76,10.3],[77,9.8],[78,8.5],[79,6.5],[80,5.3],[81,5],[82,4],[83,3.5],[84,3.3],[85,3],[86,4],[87,3],[88,2.7],[89,2.7],[90,2.7],[91,2.7],[92,2.3],[93,2.3],[94,2.3],[95,1.7],[96,1.3],[97,1],[98,1],[99,1],[100,0.5],[101,1],[102,1],[103,0]]

diseased: 8
[[0,0],[1,0],[2,0],[3,0],[4,0],[5,0],[6,0],[7,0],[8,0],[9,0],[10,0],[11,0],[12,0],[13,0],[14,0],[15,0],[16,0],[17,0],[18,0],[19,0],[20,0],[21,0],[22,0.3],[23,0.3],[24,0.3],[25,0.3],[26,0.3],[27,0.3],[28,0.3],[29,0.3],[30,0.3],[31,0.3],[32,0.5],[33,0.5],[34,0.5],[35,1.3],[36,1.5],[37,1.5],[38,2],[39,2.5],[40,3],[41,3.3],[42,3.5],[43,3.8],[44,4.3],[45,4.5],[46,5.3],[47,5.8],[48,6],[49,6],[50,6],[51,6],[52,6],[53,6],[54,6.3],[55,6.5],[56,6.5],[57,6.5],[58,6.5],[59,6.8],[60,7],[61,7],[62,7.3],[63,7.3],[64,7.5],[65,7.5],[66,7.5],[67,7.5],[68,7.8],[69,7.8],[70,7.8],[71,7.8],[72,7.8],[73,7.8],[74,7.8],[75,7.8],[76,8],[77,8],[78,8],[79,8],[80,8.3],[81,8.3],[82,8.3],[83,8.3],[84,8.3],[85,8.3],[86,6.3],[87,6.7],[88,6.7],[89,6.7],[90,6.7],[91,6.7],[92,6.7],[93,6.7],[94,6.7],[95,6.7],[96,6.7],[97,6.5],[98,6.5],[99,6.5],[100,6.5],[101,5],[102,5],[103,5]]

nr:
[[0,0],[1,1.3],[2,1.9],[3,1.8],[4,2.3],[5,2.4],[6,2.8],[7,2.5],[8,2.7],[9,2.6],[10,2.9],[11,2.7],[12,2.5],[13,2.3],[14,2.6],[15,2.4],[16,2.5],[17,2.7],[18,2.4],[19,2.7],[20,2.6],[21,2.3],[22,2.2],[23,2.4],[24,2],[25,1.8],[26,1.8],[27,1.7],[28,1.6],[29,1.6],[30,1.5],[31,1.4],[32,1.3],[33,1.3],[34,1.2],[35,1.1],[36,1.1],[37,1.1],[38,1],[39,1],[40,1],[41,0.9],[42,0.8],[43,0.7],[44,0.9],[45,0.7],[46,0.7],[47,0.7],[48,0.6],[49,0.7],[50,0.6],[51,0.6],[52,0.5],[53,0.5],[54,0.5],[55,0.4],[56,0.4],[57,0.4],[58,0.4],[59,0.4],[60,0.3],[61,0.4],[62,0.4],[63,0.4],[64,0.3],[65,0.4],[66,0.4],[67,0.3],[68,0.3],[69,0.3],[70,0.4],[71,0.3],[72,0.3],[73,0.3],[74,0.3],[75,0.3],[76,0.4],[77,0.3],[78,0.2],[79,0.1],[80,0.1],[81,0.1],[82,0.1],[83,0.2],[84,0.2],[85,0.2],[86,0.1],[87,0.2],[88,0.3],[89,0.3],[90,0.3],[91,0.3],[92,0.2],[93,0.2],[94,0.2],[95,0.2],[96,0.2],[97,0.3],[98,0.2],[99,0.2],[100,0],[101,0],[102,0],[103,0]]

1%

infected: 269
[[0,3],[1,3.5],[2,4.3],[3,4.8],[4,5.5],[5,6.5],[6,7],[7,9],[8,9.5],[9,10.8],[10,13.5],[11,14.8],[12,18],[13,22.3],[14,24],[15,27.5],[16,32.5],[17,38],[18,43.5],[19,47.5],[20,55],[21,60.3],[22,69.3],[23,76.5],[24,83.3],[25,92.5],[26,98.3],[27,106.8],[28,114],[29,121.3],[30,132.5],[31,139.8],[32,145.3],[33,154.3],[34,156.3],[35,158.5],[36,160.8],[37,158.3],[38,158.3],[39,158.5],[40,157.8],[41,153.8],[42,151],[43,148],[44,141.3],[45,137.8],[46,133],[47,127],[48,121.8],[49,111.8],[50,104],[51,96.3],[52,86.3],[53,83],[54,77.5],[55,71],[56,69.5],[57,64],[58,56.5],[59,51.8],[60,47],[61,42.3],[62,38],[63,35.3],[64,31.3],[65,27],[66,24.8],[67,20],[68,18],[69,15.8],[70,14],[71,13.3],[72,11.3],[73,9.5],[74,8.3],[75,6.8],[76,5.3],[77,4.5],[78,4],[79,3.5],[80,3],[81,2.5],[82,2.3],[83,2],[84,2],[85,1.8],[86,1.8],[87,1.3],[88,1],[89,0.7],[90,1],[91,0.5],[92,1],[93,1],[94,1],[95,1],[96,1],[97,1],[98,0]]

diseased: 14
[[0,0],[1,0],[2,0],[3,0],[4,0],[5,0],[6,0],[7,0],[8,0],[9,0],[10,0],[11,0],[12,0],[13,0],[14,0],[15,0],[16,0],[17,0],[18,0],[19,0],[20,0],[21,0],[22,0],[23,0.3],[24,0.3],[25,0.3],[26,0.3],[27,0.3],[28,0.3],[29,0.3],[30,0.5],[31,0.5],[32,0.8],[33,0.8],[34,0.8],[35,1],[36,1.5],[37,2],[38,2],[39,2.5],[40,3.3],[41,4.5],[42,4.8],[43,4.8],[44,5],[45,5.5],[46,5.8],[47,6],[48,6.3],[49,6.3],[50,6.3],[51,7.3],[52,7.3],[53,7.3],[54,7.8],[55,7.8],[56,7.8],[57,8],[58,8.8],[59,9],[60,9],[61,9.3],[62,9.5],[63,9.8],[64,10.3],[65,10.3],[66,10.8],[67,10.8],[68,10.8],[69,10.8],[70,10.8],[71,10.8],[72,11],[73,11],[74,11],[75,11],[76,11],[77,11],[78,11],[79,11],[80,11],[81,11],[82,11],[83,11],[84,11],[85,11],[86,11],[87,11],[88,12.3],[89,12.3],[90,14],[91,14],[92,14],[93,14],[94,14],[95,14],[96,14],[97,14],[98,14]]

nr:
[[0,0],[1,4.2],[2,2.9],[3,2.8],[4,3.1],[5,2.8],[6,2.8],[7,2.5],[8,2.3],[9,2.9],[10,2.4],[11,2.4],[12,2.5],[13,2.3],[14,2.2],[15,2.5],[16,2.7],[17,2.6],[18,2.3],[19,2.7],[20,2.4],[21,2.4],[22,2.4],[23,2.4],[24,2.3],[25,2.1],[26,1.9],[27,1.9],[28,1.8],[29,1.8],[30,1.6],[31,1.6],[32,1.5],[33,1.5],[34,1.4],[35,1.3],[36,1.3],[37,1.1],[38,1],[39,1],[40,0.9],[41,0.8],[42,0.8],[43,0.7],[44,0.7],[45,0.7],[46,0.7],[47,0.6],[48,0.6],[49,0.6],[50,0.5],[51,0.5],[52,0.4],[53,0.4],[54,0.4],[55,0.3],[56,0.3],[57,0.3],[58,0.3],[59,0.3],[60,0.3],[61,0.2],[62,0.2],[63,0.3],[64,0.2],[65,0.2],[66,0.2],[67,0.2],[68,0.2],[69,0.2],[70,0.2],[71,0.1],[72,0.2],[73,0.2],[74,0.3],[75,0.2],[76,0.2],[77,0.2],[78,0.2],[79,0.2],[80,0.2],[81,0.2],[82,0.2],[83,0.2],[84,0.2],[85,0.2],[86,0.2],[87,0.1],[88,0.2],[89,0.1],[90,0.1],[91,0],[92,0],[93,0],[94,0],[95,0],[96,0],[97,0],[98,0]]
