25

infected: 226
[[0,3],[1,4],[2,4],[3,6],[4,6],[5,9],[6,10],[7,12],[8,15],[9,16],[10,18],[11,20],[12,21],[13,24],[14,25],[15,28],[16,31],[17,37],[18,42],[19,45],[20,53],[21,66],[22,72],[23,81],[24,84],[25,95],[26,101],[27,108],[28,109],[29,112],[30,116],[31,121],[32,122],[33,127],[34,129],[35,130],[36,127],[37,129],[38,125],[39,118],[40,107],[41,99],[42,92],[43,93],[44,82],[45,74],[46,67],[47,65],[48,61],[49,57],[50,52],[51,51],[52,47],[53,42],[54,39],[55,37],[56,30],[57,29],[58,27],[59,25],[60,26],[61,24],[62,18],[63,17],[64,19],[65,17],[66,17],[67,17],[68,15],[69,15],[70,13],[71,11],[72,11],[73,10],[74,9],[75,9],[76,8],[77,8],[78,8],[79,7],[80,8],[81,7],[82,7],[83,6],[84,5],[85,5],[86,4],[87,4],[88,3],[89,2],[90,2],[91,2],[92,2],[93,2],[94,2],[95,2],[96,3],[97,3],[98,3],[99,2],[100,2],[101,3],[102,3],[103,3],[104,3],[105,3],[106,3],[107,3],[108,4],[109,4],[110,4],[111,4],[112,4],[113,4],[114,4],[115,4],[116,4],[117,5],[118,5],[119,6],[120,5],[121,4],[122,4],[123,4],[124,4],[125,4],[126,5],[127,5],[128,5],[129,5],[130,5],[131,6],[132,6],[133,6],[134,6],[135,6],[136,5],[137,5],[138,5],[139,5],[140,5],[141,5],[142,5],[143,5],[144,5],[145,4],[146,3],[147,4],[148,4],[149,5],[150,4],[151,4],[152,4],[153,3],[154,3],[155,3],[156,3],[157,2],[158,2],[159,2],[160,2],[161,2],[162,2],[163,2],[164,2],[165,2],[166,1],[167,1],[168,0]]

diseased: 8
[[0,0],[1,0],[2,0],[3,0],[4,0],[5,0],[6,0],[7,0],[8,0],[9,0],[10,0],[11,0],[12,0],[13,0],[14,0],[15,0],[16,0],[17,0],[18,0],[19,0],[20,0],[21,0],[22,1],[23,1],[24,1],[25,1],[26,1],[27,1],[28,1],[29,1],[30,1],[31,1],[32,1],[33,1],[34,1],[35,1],[36,1],[37,1],[38,1],[39,1],[40,1],[41,2],[42,2],[43,2],[44,3],[45,3],[46,3],[47,3],[48,4],[49,4],[50,4],[51,4],[52,4],[53,4],[54,4],[55,4],[56,4],[57,4],[58,4],[59,4],[60,4],[61,4],[62,4],[63,4],[64,4],[65,4],[66,4],[67,4],[68,4],[69,4],[70,4],[71,4],[72,4],[73,4],[74,4],[75,4],[76,4],[77,4],[78,4],[79,4],[80,4],[81,4],[82,4],[83,4],[84,4],[85,4],[86,4],[87,4],[88,4],[89,4],[90,4],[91,4],[92,4],[93,4],[94,4],[95,4],[96,4],[97,4],[98,4],[99,4],[100,4],[101,4],[102,4],[103,4],[104,4],[105,4],[106,4],[107,4],[108,4],[109,4],[110,4],[111,4],[112,4],[113,4],[114,4],[115,4],[116,4],[117,4],[118,4],[119,4],[120,4],[121,4],[122,4],[123,4],[124,4],[125,4],[126,4],[127,4],[128,4],[129,4],[130,4],[131,4],[132,4],[133,4],[134,4],[135,4],[136,4],[137,4],[138,4],[139,4],[140,4],[141,4],[142,4],[143,4],[144,4],[145,4],[146,4],[147,4],[148,4],[149,4],[150,4],[151,4],[152,4],[153,5],[154,5],[155,5],[156,5],[157,5],[158,5],[159,5],[160,5],[161,5],[162,5],[163,5],[164,5],[165,5],[166,5],[167,5],[168,5]]

nr:
[[0,0],[1,1],[2,2.9],[3,2.3],[4,2.6],[5,2.4],[6,2.6],[7,2],[8,3.3],[9,2.3],[10,2.2],[11,2.4],[12,2.5],[13,2.4],[14,2.4],[15,3.3],[16,2.8],[17,2.7],[18,2.9],[19,2.5],[20,2.6],[21,2.3],[22,2.4],[23,2.3],[24,2.1],[25,2.1],[26,1.8],[27,1.9],[28,1.6],[29,1.6],[30,1.5],[31,1.4],[32,1.4],[33,1.3],[34,1.2],[35,1.3],[36,1.1],[37,1.2],[38,1.1],[39,1],[40,0.8],[41,0.8],[42,0.8],[43,0.8],[44,0.7],[45,0.7],[46,0.6],[47,0.6],[48,0.7],[49,0.7],[50,0.7],[51,0.7],[52,0.6],[53,0.7],[54,0.5],[55,0.6],[56,0.6],[57,0.5],[58,0.6],[59,0.7],[60,0.8],[61,0.8],[62,0.8],[63,1],[64,0.9],[65,1],[66,1],[67,0.9],[68,0.8],[69,0.9],[70,0.8],[71,0.6],[72,0.6],[73,0.6],[74,0.6],[75,0.6],[76,0.6],[77,0.7],[78,0.7],[79,0.7],[80,0.6],[81,0.5],[82,0.5],[83,0.3],[84,0.3],[85,0.3],[86,0.3],[87,0.3],[88,0.2],[89,0],[90,0],[91,0],[92,0],[93,0.2],[94,0.6],[95,0.5],[96,0.4],[97,1.4],[98,1],[99,1.2],[100,1.2],[101,0.8],[102,0.2],[103,0.2],[104,0.2],[105,0.1],[106,0.3],[107,0.5],[108,0.6],[109,0.5],[110,0.6],[111,0.5],[112,0.5],[113,0.4],[114,0.4],[115,0.4],[116,0.5],[117,0.4],[118,0.5],[119,0.5],[120,0.6],[121,0.5],[122,0.4],[123,0.4],[124,0.6],[125,0.7],[126,0.7],[127,0.5],[128,0.4],[129,0.4],[130,0.5],[131,0.6],[132,1.1],[133,0.8],[134,0.8],[135,0.7],[136,0.7],[137,0.7],[138,0.5],[139,0.5],[140,1],[141,0.8],[142,0.8],[143,0.8],[144,0.8],[145,0.7],[146,1],[147,0.7],[148,0.7],[149,2.5],[150,1.9],[151,1.3],[152,1],[153,1.2],[154,1],[155,1.1],[156,1],[157,0.9],[158,1],[159,1.1],[160,1],[161,1],[162,0.9],[163,1],[164,1],[165,1],[166,0.9],[167,0.9],[168,0]]

16

infected: 248
[[0,3],[1,3.2],[2,4],[3,5.3],[4,6.3],[5,7.3],[6,8.2],[7,9.2],[8,11.5],[9,14],[10,16.2],[11,17.7],[12,20.5],[13,24.2],[14,27.3],[15,31],[16,36],[17,40],[18,44.5],[19,49],[20,54.8],[21,61.2],[22,68],[23,74.2],[24,80.2],[25,83.5],[26,90.7],[27,95.7],[28,100.2],[29,104.2],[30,109],[31,112],[32,117.5],[33,118.5],[34,121.3],[35,121.8],[36,124.3],[37,123.2],[38,123.3],[39,121.3],[40,118],[41,114.5],[42,110.2],[43,107.5],[44,107.3],[45,102.7],[46,98.5],[47,95],[48,91.8],[49,87.8],[50,84],[51,77.7],[52,76.3],[53,73.3],[54,68.8],[55,63.8],[56,61.5],[57,54.8],[58,52],[59,49.5],[60,46.3],[61,45],[62,41.7],[63,38.2],[64,35.3],[65,32.3],[66,29.8],[67,27],[68,26],[69,24.8],[70,22.7],[71,20.7],[72,17.7],[73,16.8],[74,15.8],[75,15.8],[76,15.2],[77,14.2],[78,13.3],[79,12.2],[80,11],[81,10.2],[82,10],[83,9.3],[84,9.2],[85,8.2],[86,8.2],[87,7],[88,6.2],[89,5.5],[90,5],[91,4.5],[92,4.5],[93,4.5],[94,3.5],[95,3.2],[96,3],[97,2.5],[98,2.2],[99,2.4],[100,2.2],[101,1.8],[102,2.3],[103,3],[104,3],[105,2.8],[106,2.5],[107,2.5],[108,2.8],[109,2.3],[110,2.5],[111,2.3],[112,1.5],[113,2],[114,2],[115,2.3],[116,2.3],[117,2.3],[118,2],[119,2],[120,2],[121,2],[122,1],[123,1],[124,1],[125,1.3],[126,1.3],[127,1],[128,1],[129,0.7],[130,1],[131,1],[132,1],[133,1],[134,0.5],[135,1],[136,1],[137,1],[138,1],[139,1],[140,1],[141,1],[142,1],[143,1],[144,0]]

diseased: 9
[[0,0],[1,0],[2,0],[3,0],[4,0],[5,0],[6,0],[7,0],[8,0],[9,0],[10,0],[11,0],[12,0],[13,0],[14,0],[15,0],[16,0],[17,0],[18,0],[19,0.5],[20,0.5],[21,0.5],[22,0.7],[23,0.7],[24,0.7],[25,0.7],[26,0.7],[27,0.7],[28,0.7],[29,0.8],[30,0.8],[31,1],[32,1.2],[33,1.5],[34,1.8],[35,1.8],[36,2],[37,2.3],[38,2.7],[39,2.8],[40,3.2],[41,3.5],[42,3.8],[43,3.8],[44,3.8],[45,4.2],[46,4.8],[47,4.8],[48,5.5],[49,5.7],[50,6.2],[51,6.5],[52,6.5],[53,6.8],[54,6.8],[55,6.8],[56,7.2],[57,7.3],[58,7.5],[59,7.5],[60,7.7],[61,7.8],[62,8],[63,8.2],[64,8.3],[65,8.3],[66,8.3],[67,8.5],[68,8.7],[69,8.8],[70,8.8],[71,9],[72,9.2],[73,9.2],[74,9.2],[75,9.2],[76,9.2],[77,9.3],[78,9.3],[79,9.3],[80,9.3],[81,9.3],[82,9.3],[83,9.5],[84,9.5],[85,9.7],[86,9.7],[87,9.7],[88,9.7],[89,9.7],[90,9.7],[91,9.7],[92,9.7],[93,9.7],[94,9.7],[95,9.7],[96,9.7],[97,9.7],[98,9.7],[99,8.2],[100,8.2],[101,8.2],[102,8.8],[103,8.8],[104,8.8],[105,8.8],[106,8.8],[107,8.8],[108,8.8],[109,9],[110,9],[111,9],[112,9],[113,8.7],[114,8.7],[115,8.7],[116,8.7],[117,8.7],[118,8.7],[119,8.7],[120,8.7],[121,8.7],[122,8.7],[123,8.7],[124,8.7],[125,8.7],[126,8.7],[127,8.7],[128,8.7],[129,8.7],[130,6.5],[131,6.5],[132,6.5],[133,6.5],[134,6.5],[135,9],[136,9],[137,9],[138,9],[139,9],[140,9],[141,9],[142,9],[143,9],[144,9]]

nr:
[[0,0],[1,1.9],[2,2.3],[3,2.2],[4,2.4],[5,2.5],[6,2.7],[7,3],[8,2.7],[9,2.6],[10,2.9],[11,2.7],[12,2.4],[13,2.5],[14,2.4],[15,2.5],[16,2.3],[17,2.3],[18,2.6],[19,2.4],[20,2.3],[21,2.2],[22,2.1],[23,2],[24,2],[25,2],[26,2],[27,1.9],[28,1.8],[29,1.8],[30,1.7],[31,1.6],[32,1.6],[33,1.5],[34,1.4],[35,1.4],[36,1.4],[37,1.3],[38,1.2],[39,1.2],[40,1.1],[41,1.1],[42,1],[43,1],[44,1],[45,0.9],[46,0.9],[47,0.9],[48,0.8],[49,0.8],[50,0.8],[51,0.7],[52,0.7],[53,0.7],[54,0.7],[55,0.7],[56,0.7],[57,0.6],[58,0.6],[59,0.6],[60,0.7],[61,0.7],[62,0.7],[63,0.7],[64,0.7],[65,0.6],[66,0.6],[67,0.6],[68,0.6],[69,0.6],[70,0.7],[71,0.6],[72,0.5],[73,0.6],[74,0.6],[75,0.6],[76,0.7],[77,0.7],[78,0.7],[79,0.8],[80,0.7],[81,0.7],[82,0.6],[83,0.7],[84,0.7],[85,0.7],[86,0.7],[87,0.6],[88,0.7],[89,0.7],[90,0.8],[91,0.6],[92,0.6],[93,0.6],[94,0.4],[95,0.5],[96,0.7],[97,0.9],[98,0.8],[99,0.8],[100,0.7],[101,0.5],[102,0.7],[103,1.2],[104,0.8],[105,0.6],[106,0.6],[107,0.6],[108,0.5],[109,0.7],[110,0.5],[111,0.4],[112,0.3],[113,0.4],[114,0.4],[115,0.5],[116,0.5],[117,0.4],[118,0.6],[119,0.6],[120,0.5],[121,0.6],[122,0.7],[123,0.7],[124,0.7],[125,0.7],[126,0.6],[127,0.5],[128,0.5],[129,0.1],[130,0.1],[131,0.1],[132,0.1],[133,0.1],[134,0],[135,0],[136,0],[137,0],[138,0],[139,0],[140,0],[141,0],[142,0],[143,0],[144,0]]

9

infected: 260
[[0,3],[1,4],[2,4.2],[3,5.2],[4,5.7],[5,7],[6,8],[7,9.3],[8,11],[9,12.5],[10,15.3],[11,17.7],[12,20],[13,23.3],[14,27],[15,31.5],[16,37.2],[17,44.3],[18,50.3],[19,54.2],[20,60.2],[21,68.3],[22,75.8],[23,82.8],[24,89.8],[25,98.3],[26,103.8],[27,109.7],[28,117],[29,121.5],[30,128.2],[31,134],[32,139],[33,141.5],[34,145],[35,147.7],[36,146.2],[37,146.3],[38,146.8],[39,146.2],[40,142.7],[41,139.3],[42,134.2],[43,129.5],[44,123.2],[45,119.7],[46,115.2],[47,109.5],[48,104.8],[49,97.2],[50,91.5],[51,85.2],[52,81.2],[53,74.7],[54,67.7],[55,63],[56,57.3],[57,50.5],[58,45.2],[59,41],[60,37.3],[61,35.3],[62,32.3],[63,29.5],[64,26.7],[65,23.8],[66,21],[67,18.8],[68,17.8],[69,16],[70,14.2],[71,12.2],[72,10.8],[73,9.5],[74,8.5],[75,9.6],[76,9],[77,8],[78,7.2],[79,5.6],[80,5.4],[81,4.6],[82,4.2],[83,3.8],[84,3.8],[85,3.4],[86,2.8],[87,2.4],[88,1.6],[89,1.8],[90,1.5],[91,1.7],[92,2.5],[93,2.5],[94,2.5],[95,2.5],[96,2],[97,4],[98,3],[99,2],[100,2],[101,2],[102,1],[103,0]]

diseased: 10
[[0,0],[1,0],[2,0],[3,0],[4,0],[5,0],[6,0],[7,0],[8,0],[9,0],[10,0],[11,0],[12,0],[13,0],[14,0],[15,0],[16,0],[17,0],[18,0],[19,0],[20,0],[21,0],[22,0],[23,0],[24,0],[25,0.2],[26,0.5],[27,0.5],[28,0.5],[29,0.8],[30,0.8],[31,1],[32,1.3],[33,1.3],[34,1.5],[35,1.5],[36,1.8],[37,2],[38,2.5],[39,2.7],[40,3.2],[41,3.2],[42,3.7],[43,4],[44,4.8],[45,5.2],[46,5.7],[47,6],[48,6.7],[49,7],[50,7.2],[51,7.3],[52,7.3],[53,7.7],[54,7.8],[55,8.2],[56,8.2],[57,8.5],[58,8.5],[59,8.5],[60,8.7],[61,8.8],[62,9],[63,9],[64,9],[65,9],[66,9],[67,9],[68,9.2],[69,9.2],[70,9.3],[71,9.5],[72,9.7],[73,9.8],[74,9.8],[75,10],[76,10],[77,10.2],[78,10.2],[79,10.2],[80,10.2],[81,10.2],[82,10.2],[83,10.2],[84,10.2],[85,10.2],[86,10.2],[87,10.2],[88,10.2],[89,9.5],[90,9.5],[91,9.7],[92,9],[93,9],[94,9],[95,9],[96,9],[97,9],[98,9],[99,9],[100,9],[101,9],[102,9],[103,9]]

nr:
[[0,0],[1,2.7],[2,2.8],[3,3],[4,2.6],[5,2.5],[6,2.5],[7,2.5],[8,3],[9,2.8],[10,2.9],[11,2.6],[12,2.7],[13,2.5],[14,2.5],[15,2.5],[16,2.6],[17,2.5],[18,2.4],[19,2.2],[20,2.3],[21,2.2],[22,2.2],[23,2.2],[24,2.1],[25,2.1],[26,1.9],[27,1.9],[28,1.8],[29,1.7],[30,1.9],[31,1.8],[32,1.6],[33,1.5],[34,1.5],[35,1.4],[36,1.3],[37,1.2],[38,1.2],[39,1.1],[40,1.1],[41,1],[42,0.9],[43,0.9],[44,0.8],[45,0.8],[46,0.8],[47,0.7],[48,0.7],[49,0.7],[50,0.6],[51,0.6],[52,0.6],[53,0.6],[54,0.5],[55,0.5],[56,0.5],[57,0.5],[58,0.5],[59,0.4],[60,0.5],[61,0.5],[62,0.6],[63,0.5],[64,0.5],[65,0.5],[66,0.5],[67,0.5],[68,0.5],[69,0.5],[70,0.5],[71,0.5],[72,0.5],[73,0.5],[74,0.4],[75,0.5],[76,0.4],[77,0.4],[78,0.4],[79,0.3],[80,0.3],[81,0.3],[82,0.4],[83,0.3],[84,0.3],[85,0.3],[86,0.2],[87,0.2],[88,0.1],[89,0.1],[90,0.1],[91,0.1],[92,0.3],[93,0.2],[94,0.3],[95,0.4],[96,0.1],[97,0.2],[98,0.2],[99,0.1],[100,0.1],[101,0.1],[102,0],[103,0]]

