3%

infected: 255
[[0,3],[1,4],[2,4],[3,5],[4,6],[5,8],[6,9],[7,9],[8,12],[9,14],[10,15],[11,20],[12,24],[13,28],[14,31],[15,34],[16,36],[17,42],[18,50],[19,49],[20,57],[21,63],[22,70],[23,75],[24,83],[25,86],[26,93],[27,98],[28,109],[29,114],[30,112],[31,116],[32,118],[33,127],[34,134],[35,133],[36,130],[37,132],[38,134],[39,131],[40,130],[41,126],[42,128],[43,124],[44,126],[45,125],[46,124],[47,113],[48,109],[49,107],[50,104],[51,100],[52,90],[53,81],[54,80],[55,80],[56,71],[57,67],[58,61],[59,56],[60,52],[61,45],[62,39],[63,33],[64,27],[65,20],[66,18],[67,16],[68,16],[69,11],[70,9],[71,7],[72,6],[73,6],[74,3],[75,2],[76,2],[77,2],[78,2],[79,2],[80,1],[81,1],[82,1],[83,1],[84,1],[85,1],[86,1],[87,0]]

diseased: 10
[[0,0],[1,0],[2,0],[3,0],[4,0],[5,0],[6,0],[7,0],[8,0],[9,0],[10,0],[11,0],[12,0],[13,0],[14,0],[15,0],[16,0],[17,0],[18,0],[19,0],[20,0],[21,0],[22,0],[23,0],[24,0],[25,0],[26,0],[27,0],[28,0],[29,0],[30,0],[31,0],[32,0],[33,0],[34,0],[35,0],[36,1],[37,1],[38,1],[39,1],[40,2],[41,3],[42,3],[43,4],[44,4],[45,4],[46,5],[47,5],[48,5],[49,5],[50,6],[51,6],[52,6],[53,7],[54,7],[55,8],[56,8],[57,8],[58,9],[59,9],[60,9],[61,9],[62,9],[63,9],[64,10],[65,10],[66,10],[67,10],[68,10],[69,10],[70,10],[71,10],[72,10],[73,10],[74,10],[75,10],[76,10],[77,10],[78,10],[79,10],[80,10],[81,10],[82,10],[83,10],[84,10],[85,10],[86,10],[87,10]]

nr:
[[0,0],[1,0.6],[2,1],[3,1],[4,2.5],[5,3],[6,3.6],[7,3],[8,2.4],[9,2.6],[10,2.5],[11,3.4],[12,2.5],[13,2.7],[14,2.7],[15,2.7],[16,2.6],[17,2.6],[18,2.3],[19,2.4],[20,2.5],[21,2.6],[22,2.3],[23,2.2],[24,1.9],[25,1.8],[26,1.8],[27,1.7],[28,1.6],[29,1.6],[30,1.6],[31,1.5],[32,1.4],[33,1.4],[34,1.5],[35,1.3],[36,1.2],[37,1.1],[38,1.1],[39,1],[40,1],[41,0.9],[42,0.9],[43,0.9],[44,0.9],[45,0.8],[46,0.7],[47,0.7],[48,0.7],[49,0.6],[50,0.7],[51,0.6],[52,0.6],[53,0.5],[54,0.5],[55,0.5],[56,0.5],[57,0.5],[58,0.4],[59,0.4],[60,0.4],[61,0.4],[62,0.4],[63,0.4],[64,0.4],[65,0.4],[66,0.4],[67,0.4],[68,0.4],[69,0.3],[70,0.3],[71,0.3],[72,0.3],[73,0.3],[74,0.1],[75,0],[76,0],[77,0],[78,0],[79,0],[80,0],[81,0],[82,0],[83,0.2],[84,0.1],[85,0.1],[86,0.1],[87,0]]

1%

infected: 250
[[0,3],[1,4],[2,6],[3,7],[4,9],[5,11],[6,11],[7,14],[8,16],[9,16],[10,16],[11,19],[12,23],[13,25],[14,30],[15,35],[16,36],[17,46],[18,53],[19,54],[20,58],[21,62],[22,69],[23,72],[24,74],[25,80],[26,81],[27,90],[28,95],[29,104],[30,106],[31,110],[32,115],[33,119],[34,123],[35,127],[36,122],[37,121],[38,122],[39,125],[40,121],[41,119],[42,118],[43,118],[44,116],[45,117],[46,108],[47,105],[48,98],[49,95],[50,93],[51,87],[52,82],[53,73],[54,72],[55,67],[56,61],[57,57],[58,51],[59,50],[60,44],[61,40],[62,38],[63,35],[64,30],[65,29],[66,30],[67,29],[68,28],[69,22],[70,21],[71,18],[72,18],[73,14],[74,14],[75,14],[76,13],[77,12],[78,11],[79,11],[80,11],[81,9],[82,8],[83,8],[84,7],[85,4],[86,3],[87,2],[88,2],[89,2],[90,1],[91,1],[92,1],[93,1],[94,1],[95,1],[96,0]]

diseased: 6
[[0,0],[1,0],[2,0],[3,0],[4,0],[5,0],[6,0],[7,0],[8,0],[9,0],[10,0],[11,0],[12,0],[13,0],[14,0],[15,0],[16,0],[17,0],[18,0],[19,0],[20,0],[21,0],[22,0],[23,0],[24,0],[25,0],[26,0],[27,0],[28,0],[29,0],[30,0],[31,0],[32,0],[33,0],[34,0],[35,0],[36,0],[37,0],[38,0],[39,0],[40,0],[41,0],[42,0],[43,0],[44,0],[45,0],[46,1],[47,2],[48,2],[49,2],[50,3],[51,3],[52,4],[53,4],[54,4],[55,4],[56,5],[57,5],[58,5],[59,5],[60,5],[61,5],[62,6],[63,6],[64,6],[65,6],[66,6],[67,6],[68,6],[69,6],[70,6],[71,6],[72,6],[73,6],[74,6],[75,6],[76,6],[77,6],[78,6],[79,6],[80,6],[81,6],[82,6],[83,6],[84,6],[85,6],[86,6],[87,6],[88,6],[89,6],[90,6],[91,6],[92,6],[93,6],[94,6],[95,6],[96,6]]

nr:
[[0,0],[1,1.1],[2,1.8],[3,4.5],[4,2.5],[5,3.1],[6,2.9],[7,3],[8,3.5],[9,3.2],[10,2.8],[11,2.6],[12,3.5],[13,2.9],[14,3],[15,2.7],[16,3],[17,2.6],[18,2.6],[19,2.6],[20,2.5],[21,2.8],[22,2.2],[23,2.2],[24,2],[25,1.9],[26,1.8],[27,1.7],[28,1.6],[29,1.5],[30,1.4],[31,1.4],[32,1.5],[33,1.2],[34,1.1],[35,1.2],[36,1.1],[37,1],[38,1],[39,0.9],[40,0.9],[41,0.9],[42,0.9],[43,0.8],[44,0.8],[45,0.8],[46,0.7],[47,0.7],[48,0.7],[49,0.7],[50,0.7],[51,0.7],[52,0.7],[53,0.7],[54,0.7],[55,0.6],[56,0.6],[57,0.5],[58,0.5],[59,0.5],[60,0.4],[61,0.4],[62,0.5],[63,0.4],[64,0.3],[65,0.3],[66,0.4],[67,0.3],[68,0.4],[69,0.4],[70,0.4],[71,0.4],[72,0.6],[73,0.5],[74,0.5],[75,0.5],[76,0.5],[77,0.4],[78,0.6],[79,0.5],[80,0.4],[81,0.5],[82,0.5],[83,0.5],[84,0.5],[85,0.6],[86,0.6],[87,0.6],[88,0.6],[89,0.5],[90,0.7],[91,0.7],[92,0.6],[93,0.6],[94,0.6],[95,0.5],[96,0]]

0%

infected: 132
[[0,3],[1,4],[2,4],[3,4],[4,5],[5,5],[6,5],[7,5],[8,5],[9,10],[10,11],[11,14],[12,17],[13,20],[14,25],[15,28],[16,28],[17,34],[18,41],[19,43],[20,46],[21,56],[22,62],[23,65],[24,69],[25,74],[26,78],[27,81],[28,81],[29,85],[30,86],[31,88],[32,86],[33,84],[34,83],[35,84],[36,85],[37,80],[38,78],[39,78],[40,73],[41,71],[42,71],[43,70],[44,72],[45,68],[46,71],[47,70],[48,67],[49,68],[50,69],[51,70],[52,70],[53,69],[54,71],[55,67],[56,66],[57,67],[58,64],[59,60],[60,57],[61,55],[62,57],[63,52],[64,53],[65,50],[66,47],[67,46],[68,41],[69,36],[70,34],[71,34],[72,34],[73,31],[74,28],[75,28],[76,24],[77,24],[78,24],[79,24],[80,23],[81,18],[82,16],[83,16],[84,13],[85,12],[86,12],[87,12],[88,11],[89,11],[90,8],[91,7],[92,7],[93,8],[94,8],[95,8],[96,7],[97,8],[98,8],[99,7],[100,7],[101,7],[102,7],[103,7],[104,7],[105,6],[106,6],[107,6],[108,6],[109,6],[110,6],[111,6],[112,5],[113,4],[114,4],[115,5],[116,3],[117,2],[118,2],[119,2],[120,2],[121,1],[122,1],[123,1],[124,1],[125,1],[126,1],[127,1],[128,1],[129,1],[130,1],[131,1],[132,1],[133,2],[134,2],[135,2],[136,2],[137,4],[138,5],[139,5],[140,5],[141,5],[142,5],[143,5],[144,5],[145,5],[146,5],[147,5],[148,5],[149,5],[150,5],[151,6],[152,5],[153,4],[154,4],[155,4],[156,2],[157,1],[158,1],[159,1],[160,1],[161,1],[162,1],[163,1],[164,1],[165,1],[166,1],[167,1],[168,1],[169,1],[170,0]]

diseased: 11
[[0,0],[1,0],[2,0],[3,0],[4,0],[5,0],[6,0],[7,0],[8,0],[9,0],[10,0],[11,0],[12,0],[13,0],[14,0],[15,0],[16,0],[17,0],[18,0],[19,0],[20,0],[21,0],[22,0],[23,0],[24,0],[25,0],[26,0],[27,0],[28,0],[29,0],[30,0],[31,0],[32,1],[33,2],[34,2],[35,2],[36,4],[37,4],[38,4],[39,4],[40,5],[41,6],[42,6],[43,6],[44,6],[45,6],[46,6],[47,6],[48,7],[49,7],[50,7],[51,7],[52,7],[53,7],[54,7],[55,7],[56,7],[57,7],[58,7],[59,7],[60,7],[61,7],[62,7],[63,7],[64,7],[65,7],[66,8],[67,8],[68,8],[69,8],[70,8],[71,8],[72,8],[73,8],[74,8],[75,8],[76,8],[77,8],[78,8],[79,8],[80,8],[81,8],[82,9],[83,9],[84,9],[85,9],[86,9],[87,9],[88,9],[89,9],[90,10],[91,10],[92,10],[93,10],[94,10],[95,10],[96,10],[97,10],[98,10],[99,10],[100,10],[101,10],[102,10],[103,10],[104,10],[105,10],[106,10],[107,10],[108,10],[109,10],[110,10],[111,10],[112,10],[113,10],[114,10],[115,10],[116,10],[117,10],[118,10],[119,10],[120,10],[121,10],[122,10],[123,10],[124,10],[125,10],[126,10],[127,10],[128,10],[129,10],[130,10],[131,10],[132,10],[133,10],[134,10],[135,10],[136,10],[137,10],[138,10],[139,10],[140,10],[141,10],[142,10],[143,10],[144,10],[145,10],[146,10],[147,10],[148,10],[149,10],[150,10],[151,10],[152,10],[153,10],[154,10],[155,10],[156,10],[157,11],[158,11],[159,11],[160,11],[161,11],[162,11],[163,11],[164,11],[165,11],[166,11],[167,11],[168,11],[169,11],[170,11]]

nr:
[[0,0],[1,1.1],[2,0.6],[3,1.4],[4,3],[5,3],[6,3],[7,2.5],[8,2.5],[9,3.7],[10,2.5],[11,2.1],[12,2.5],[13,2.3],[14,2.3],[15,3.1],[16,2.9],[17,2.6],[18,3],[19,3.2],[20,2.8],[21,2.9],[22,2.5],[23,2.3],[24,2.1],[25,1.9],[26,1.8],[27,1.9],[28,1.6],[29,1.5],[30,1.5],[31,1.4],[32,1.4],[33,1.4],[34,1.4],[35,1.4],[36,1.3],[37,1.4],[38,1.3],[39,1.2],[40,1.1],[41,1.1],[42,1],[43,1],[44,0.9],[45,1],[46,1.1],[47,1],[48,1],[49,0.9],[50,0.8],[51,0.8],[52,0.7],[53,0.7],[54,0.7],[55,0.8],[56,0.7],[57,0.8],[58,0.7],[59,0.7],[60,0.7],[61,0.7],[62,0.8],[63,0.7],[64,0.7],[65,0.7],[66,0.6],[67,0.6],[68,0.6],[69,0.5],[70,0.5],[71,0.5],[72,0.5],[73,0.5],[74,0.6],[75,0.9],[76,0.6],[77,0.6],[78,0.6],[79,0.6],[80,0.5],[81,0.5],[82,0.5],[83,0.5],[84,0.5],[85,0.5],[86,0.5],[87,0.4],[88,0.4],[89,0.4],[90,0.4],[91,0.3],[92,0.4],[93,0.3],[94,0.7],[95,0.5],[96,0.4],[97,1.3],[98,0.6],[99,0.6],[100,0.5],[101,0.5],[102,0.5],[103,0.6],[104,0.6],[105,0.6],[106,0.6],[107,0.6],[108,0.6],[109,0.6],[110,0.6],[111,0.5],[112,0.5],[113,0.3],[114,0.3],[115,0.9],[116,0.8],[117,0.8],[118,0.6],[119,0.5],[120,0.6],[121,0.4],[122,0.3],[123,0.6],[124,0.8],[125,0.7],[126,0.6],[127,0.6],[128,0.5],[129,0.8],[130,0.8],[131,0.7],[132,0.7],[133,2.3],[134,2.2],[135,1.4],[136,1],[137,0.7],[138,0.7],[139,0.6],[140,0.7],[141,0.7],[142,0.7],[143,0.7],[144,0.8],[145,0.7],[146,0.7],[147,0.6],[148,0.6],[149,0.6],[150,0.5],[151,0.5],[152,0.5],[153,0.4],[154,0.5],[155,0.6],[156,0.7],[157,1.4],[158,1.3],[159,1.1],[160,1],[161,0.9],[162,0.8],[163,0.8],[164,0.7],[165,0.7],[166,0.6],[167,0.6],[168,0.6],[169,0.5],[170,0]]
