Base:

infected: 288
[[0,3],[1,3.4],[2,4],[3,4.4],[4,5.2],[5,6.2],[6,6.4],[7,7],[8,8.4],[9,9.2],[10,10.6],[11,13.2],[12,15.8],[13,19.2],[14,22.2],[15,27.2],[16,31.6],[17,38.2],[18,43.2],[19,48.2],[20,52.8],[21,58.8],[22,64.4],[23,71.8],[24,81.2],[25,91.8],[26,102],[27,109.8],[28,116.4],[29,126.2],[30,134.2],[31,140.8],[32,148],[33,153.4],[34,157.6],[35,161.2],[36,164.6],[37,167.2],[38,167.4],[39,171],[40,169.6],[41,168.4],[42,164],[43,158.6],[44,152.6],[45,146.2],[46,141.4],[47,136.8],[48,128.2],[49,121],[50,114.8],[51,105.8],[52,99.4],[53,91],[54,84.6],[55,75.8],[56,69],[57,61.4],[58,53.2],[59,49],[60,44.8],[61,41.4],[62,36.6],[63,32.2],[64,27.8],[65,23.8],[66,21],[67,18.8],[68,15.6],[69,12.6],[70,11],[71,9],[72,8.2],[73,6.6],[74,5.6],[75,5],[76,4.4],[77,4],[78,3.2],[79,2.6],[80,2.2],[81,2.8],[82,3],[83,4.5],[84,3.5],[85,3.5],[86,2.5],[87,2],[88,2],[89,2],[90,2],[91,2],[92,2],[93,1.5],[94,1],[95,1],[96,1],[97,0.5],[98,1],[99,1],[100,0]]

diseased: 11
[[0,0],[1,0],[2,0],[3,0],[4,0],[5,0],[6,0],[7,0],[8,0],[9,0],[10,0],[11,0],[12,0],[13,0],[14,0],[15,0],[16,0],[17,0],[18,0],[19,0],[20,0],[21,0],[22,0],[23,0],[24,0],[25,0],[26,0],[27,0],[28,0],[29,0],[30,0],[31,0.2],[32,0.6],[33,1],[34,1],[35,1],[36,1.4],[37,1.6],[38,2],[39,2.2],[40,2.8],[41,2.8],[42,3.2],[43,3.4],[44,3.4],[45,4.2],[46,4.6],[47,5],[48,5.2],[49,5.6],[50,5.8],[51,5.8],[52,6.2],[53,6.6],[54,7],[55,7.2],[56,7.4],[57,7.6],[58,7.6],[59,7.6],[60,7.6],[61,7.8],[62,7.8],[63,8],[64,8.4],[65,8.4],[66,8.4],[67,8.8],[68,9.2],[69,9.2],[70,9.2],[71,9.4],[72,9.4],[73,9.6],[74,9.6],[75,9.6],[76,9.8],[77,10],[78,10],[79,10],[80,10],[81,9.5],[82,9.3],[83,11.5],[84,11.5],[85,11.5],[86,11.5],[87,11.5],[88,11.5],[89,11.5],[90,11.5],[91,11.5],[92,11.5],[93,11.5],[94,11.5],[95,11.5],[96,11.5],[97,11.5],[98,7],[99,7],[100,7]]

br:
[[0,0],[1,2.4],[2,2.6],[3,2.3],[4,2.2],[5,2.4],[6,2.2],[7,2.4],[8,2.5],[9,2.5],[10,2.2],[11,2.8],[12,2.9],[13,3.1],[14,2.9],[15,2.8],[16,3],[17,3.1],[18,3.2],[19,3.4],[20,3.6],[21,3.4],[22,3.1],[23,3.3],[24,3.3],[25,3.3],[26,3.1],[27,3.2],[28,3.1],[29,3.1],[30,3.1],[31,3.2],[32,3.1],[33,3],[34,3],[35,3.1],[36,3.1],[37,3.1],[38,3.1],[39,3.1],[40,3.1],[41,3.1],[42,3.1],[43,3],[44,3],[45,3.1],[46,3],[47,3],[48,3],[49,3],[50,3],[51,3.1],[52,3.1],[53,3.1],[54,3],[55,3.1],[56,3],[57,3],[58,3],[59,3],[60,3.1],[61,3],[62,3.1],[63,3.1],[64,3.2],[65,3.2],[66,3.2],[67,3.1],[68,3.1],[69,3.1],[70,3.1],[71,3.1],[72,3],[73,3.1],[74,3],[75,2.9],[76,3],[77,3],[78,2.8],[79,2.8],[80,2.1],[81,1.6],[82,1.8],[83,2.6],[84,3.1],[85,3],[86,3],[87,2.7],[88,3],[89,2.7],[90,2.6],[91,2.6],[92,2.7],[93,3],[94,3.1],[95,3.3],[96,3.3],[97,1.9],[98,3.9],[99,4.1],[100,0]]

nr:
[[0,0],[1,2.4],[2,2.6],[3,2.3],[4,2.2],[5,2],[6,2],[7,2.2],[8,2.4],[9,2.2],[10,2],[11,2.3],[12,2.6],[13,2.6],[14,2.4],[15,2.3],[16,2.4],[17,2.4],[18,2.5],[19,2.6],[20,2.5],[21,2.4],[22,2.3],[23,2.3],[24,2.2],[25,2.2],[26,2],[27,2],[28,1.8],[29,1.8],[30,1.7],[31,1.7],[32,1.6],[33,1.5],[34,1.4],[35,1.3],[36,1.3],[37,1.2],[38,1.1],[39,1],[40,1],[41,1],[42,0.9],[43,0.8],[44,0.8],[45,0.7],[46,0.7],[47,0.6],[48,0.6],[49,0.5],[50,0.5],[51,0.5],[52,0.4],[53,0.4],[54,0.4],[55,0.3],[56,0.3],[57,0.3],[58,0.3],[59,0.3],[60,0.3],[61,0.2],[62,0.3],[63,0.3],[64,0.3],[65,0.3],[66,0.3],[67,0.2],[68,0.2],[69,0.3],[70,0.2],[71,0.2],[72,0.2],[73,0.3],[74,0.2],[75,0.2],[76,0.2],[77,0.3],[78,0.3],[79,0.3],[80,0.2],[81,0.2],[82,0.1],[83,0.2],[84,0.2],[85,0.2],[86,0.2],[87,0.1],[88,0.1],[89,0.1],[90,0.1],[91,0.1],[92,0.1],[93,0.1],[94,0],[95,0],[96,0],[97,0],[98,0],[99,0],[100,0]]

----------

hotspot

infected:
[[0,3],[1,3.4],[2,4.6],[3,5.4],[4,5.6],[5,7],[6,7.4],[7,10],[8,11.6],[9,13],[10,14],[11,15.4],[12,16.8],[13,18.6],[14,20.4],[15,21.8],[16,23.4],[17,25.8],[18,29.4],[19,30.2],[20,33],[21,36.6],[22,39.2],[23,46],[24,49.8],[25,53.8],[26,56.2],[27,59.8],[28,61.8],[29,66.4],[30,72.8],[31,78.4],[32,82.8],[33,88.6],[34,95.2],[35,102.2],[36,105.8],[37,108.6],[38,110],[39,113.8],[40,114.8],[41,118.4],[42,117.2],[43,117.6],[44,120],[45,120.6],[46,121.6],[47,121.6],[48,120.2],[49,116.4],[50,113.6],[51,109],[52,105.4],[53,100.8],[54,94.8],[55,92.4],[56,90.2],[57,88.2],[58,84],[59,80.2],[60,76.2],[61,72.6],[62,69.8],[63,64.6],[64,61],[65,56.4],[66,55.2],[67,52.2],[68,49.2],[69,46.4],[70,45.2],[71,42.2],[72,39.6],[73,38.6],[74,35.4],[75,31.4],[76,28.8],[77,26.6],[78,25.4],[79,22.8],[80,20.8],[81,18.2],[82,17],[83,15.2],[84,13.8],[85,12],[86,11],[87,10.2],[88,9.2],[89,8.8],[90,7.8],[91,7.4],[92,5.8],[93,5.4],[94,5.2],[95,4.6],[96,4.2],[97,3.4],[98,3],[99,2.8],[100,2.6],[101,2.2],[102,2],[103,1.8],[104,1.4],[105,1.4],[106,1.2],[107,1],[108,2],[109,2],[110,1],[111,2],[112,2],[113,2],[114,2],[115,1],[116,1],[117,1],[118,1],[119,1],[120,1],[121,1],[122,1],[123,1],[124,0]]

diseased:
[[0,0],[1,0],[2,0],[3,0],[4,0],[5,0],[6,0],[7,0],[8,0],[9,0],[10,0],[11,0],[12,0],[13,0],[14,0],[15,0],[16,0],[17,0],[18,0],[19,0],[20,0],[21,0],[22,0],[23,0],[24,0],[25,0],[26,0],[27,0],[28,0],[29,0],[30,0],[31,0],[32,0],[33,0],[34,0],[35,0.2],[36,0.4],[37,0.6],[38,0.8],[39,1.4],[40,1.4],[41,1.4],[42,1.4],[43,1.4],[44,1.4],[45,1.4],[46,1.6],[47,1.8],[48,1.8],[49,1.8],[50,1.8],[51,2],[52,2.2],[53,2.4],[54,2.6],[55,2.6],[56,2.6],[57,2.8],[58,3.2],[59,3.4],[60,4],[61,4.2],[62,4.2],[63,4.2],[64,4.4],[65,4.6],[66,4.6],[67,4.8],[68,5],[69,5.2],[70,5.2],[71,5.4],[72,5.6],[73,5.6],[74,6.2],[75,6.4],[76,6.6],[77,6.6],[78,6.6],[79,6.8],[80,7],[81,7],[82,7],[83,7],[84,7],[85,7],[86,7],[87,7],[88,7],[89,7],[90,7],[91,7],[92,7],[93,7],[94,7],[95,7],[96,7],[97,7],[98,7],[99,7],[100,7],[101,7.2],[102,7.2],[103,7.2],[104,7.2],[105,7.2],[106,7.2],[107,7.3],[108,6],[109,6],[110,6.5],[111,6],[112,6],[113,6],[114,6],[115,6],[116,6],[117,6],[118,6],[119,6],[120,6],[121,6],[122,6],[123,6],[124,6]]

br:
[[0,0],[1,3.2],[2,3.2],[3,3.3],[4,3],[5,3.6],[6,3.7],[7,4.3],[8,3.8],[9,3.4],[10,3.4],[11,3.5],[12,3],[13,3.3],[14,2.7],[15,3],[16,3],[17,3.2],[18,2.8],[19,3.5],[20,2.8],[21,2.9],[22,2.9],[23,3.3],[24,3],[25,3.1],[26,3.3],[27,3.2],[28,3.1],[29,3.2],[30,3.4],[31,3.2],[32,3.1],[33,3.3],[34,3.3],[35,3.4],[36,3.3],[37,3.2],[38,3.1],[39,3.1],[40,2.9],[41,2.9],[42,3],[43,3],[44,2.9],[45,3],[46,3],[47,2.9],[48,2.8],[49,2.9],[50,3],[51,2.9],[52,2.9],[53,2.9],[54,2.8],[55,2.9],[56,3.1],[57,3.1],[58,3],[59,3.1],[60,2.8],[61,2.9],[62,2.8],[63,2.9],[64,2.9],[65,2.9],[66,3.1],[67,2.9],[68,2.9],[69,2.8],[70,2.8],[71,2.8],[72,2.9],[73,2.9],[74,2.9],[75,2.9],[76,3.1],[77,3.1],[78,3.6],[79,3.2],[80,3.1],[81,3.3],[82,3.2],[83,3.2],[84,3],[85,2.8],[86,3.1],[87,3.1],[88,4.1],[89,3.4],[90,3.4],[91,3.2],[92,3.3],[93,3.1],[94,3.2],[95,3.1],[96,2.9],[97,2.7],[98,2.7],[99,2.8],[100,2.8],[101,2.9],[102,2.8],[103,2.6],[104,2.2],[105,2.5],[106,1.7],[107,1.3],[108,2.7],[109,2.5],[110,1.6],[111,3.1],[112,3],[113,2.8],[114,2.7],[115,1.6],[116,1.6],[117,1.5],[118,1.4],[119,1.6],[120,1.5],[121,1.5],[122,1.6],[123,1.6],[124,0]]

nr:
[[0,0],[1,3.2],[2,2.9],[3,2.9],[4,2.6],[5,2.9],[6,3.1],[7,3.3],[8,3.3],[9,2.5],[10,2.5],[11,2.9],[12,2.4],[13,2.3],[14,2],[15,2.3],[16,2.2],[17,2.4],[18,2.2],[19,2.4],[20,2],[21,2.2],[22,2],[23,2.2],[24,2],[25,2.1],[26,2.1],[27,2.1],[28,2],[29,2],[30,2],[31,1.9],[32,1.8],[33,1.7],[34,1.7],[35,1.7],[36,1.6],[37,1.5],[38,1.4],[39,1.4],[40,1.3],[41,1.3],[42,1.2],[43,1.2],[44,1.1],[45,1.1],[46,1.1],[47,1],[48,1],[49,1],[50,1],[51,0.9],[52,0.9],[53,0.8],[54,0.8],[55,0.8],[56,0.7],[57,0.7],[58,0.7],[59,0.7],[60,0.6],[61,0.6],[62,0.6],[63,0.5],[64,0.6],[65,0.5],[66,0.5],[67,0.5],[68,0.4],[69,0.4],[70,0.4],[71,0.4],[72,0.4],[73,0.4],[74,0.4],[75,0.4],[76,0.5],[77,0.4],[78,0.5],[79,0.4],[80,0.4],[81,0.5],[82,0.4],[83,0.5],[84,0.4],[85,0.4],[86,0.4],[87,0.4],[88,0.6],[89,0.4],[90,0.4],[91,0.4],[92,0.4],[93,0.3],[94,0.3],[95,0.3],[96,0.3],[97,0.3],[98,0.3],[99,0.2],[100,0.3],[101,0.2],[102,0.3],[103,0.3],[104,0.2],[105,0.2],[106,0.1],[107,0.2],[108,0.3],[109,0.3],[110,0.2],[111,0.3],[112,0.3],[113,0.2],[114,0.2],[115,0.2],[116,0.2],[117,0.2],[118,0.2],[119,0.3],[120,0.3],[121,0.3],[122,0.2],[123,0.2],[124,0]]

---------

communities

infected:
[[0,3],[1,4],[2,5.2],[3,6.4],[4,6.8],[5,8],[6,9.6],[7,10.6],[8,13.8],[9,14.8],[10,17.4],[11,19.2],[12,22],[13,24.8],[14,27.6],[15,33],[16,36],[17,39.8],[18,44.8],[19,47.6],[20,52.2],[21,56.4],[22,59.6],[23,65.6],[24,68.6],[25,72.8],[26,78.8],[27,81.2],[28,87.8],[29,91.2],[30,97.2],[31,101],[32,103.8],[33,108.2],[34,106.6],[35,110.4],[36,113],[37,116],[38,116.4],[39,116],[40,115.2],[41,113.8],[42,111.4],[43,111.8],[44,111],[45,108.8],[46,108.2],[47,105.4],[48,102.2],[49,96.8],[50,94.4],[51,92.2],[52,87.6],[53,87],[54,83.4],[55,82.4],[56,77.8],[57,73.8],[58,70.6],[59,67.6],[60,66.8],[61,65.4],[62,61.6],[63,59.2],[64,56],[65,53],[66,49.4],[67,48.4],[68,47.2],[69,43.6],[70,42],[71,40.4],[72,38.2],[73,35.8],[74,31.4],[75,28.6],[76,27.8],[77,26.2],[78,25],[79,23.8],[80,23],[81,22.8],[82,21],[83,20],[84,18.6],[85,17.8],[86,16.2],[87,15.2],[88,14.8],[89,13],[90,12],[91,11.4],[92,10.8],[93,9.8],[94,9.4],[95,8.4],[96,10.3],[97,9.8],[98,8.5],[99,6.3],[100,7.3],[101,9],[102,7.5],[103,6],[104,5],[105,5],[106,4.5],[107,4],[108,4],[109,4],[110,3],[111,2.5],[112,3],[113,2.5],[114,1.5],[115,3],[116,4],[117,4],[118,4],[119,4],[120,4],[121,4],[122,4],[123,4],[124,3],[125,3],[126,3],[127,3],[128,3],[129,3],[130,3],[131,2],[132,2],[133,2],[134,1],[135,0]]

diseased:
[[0,0],[1,0],[2,0],[3,0],[4,0],[5,0],[6,0],[7,0],[8,0],[9,0],[10,0],[11,0],[12,0],[13,0],[14,0],[15,0],[16,0],[17,0],[18,0],[19,0],[20,0.2],[21,0.2],[22,0.2],[23,0.2],[24,0.2],[25,0.4],[26,0.4],[27,0.4],[28,0.4],[29,0.6],[30,0.6],[31,0.6],[32,1],[33,1],[34,1.4],[35,1.6],[36,1.6],[37,1.6],[38,1.6],[39,1.8],[40,1.8],[41,2.2],[42,2.4],[43,2.4],[44,2.6],[45,3],[46,3.6],[47,4.2],[48,4.2],[49,4.6],[50,4.8],[51,5],[52,5.2],[53,5.2],[54,5.4],[55,5.4],[56,5.4],[57,5.6],[58,6],[59,6.2],[60,6.6],[61,7],[62,7.4],[63,7.4],[64,7.4],[65,7.8],[66,7.8],[67,7.8],[68,7.8],[69,7.8],[70,8],[71,8],[72,8.2],[73,8.2],[74,8.4],[75,8.4],[76,8.4],[77,8.4],[78,8.4],[79,8.4],[80,8.4],[81,8.4],[82,8.6],[83,8.6],[84,8.6],[85,8.6],[86,8.6],[87,8.8],[88,9],[89,9],[90,9],[91,9],[92,9],[93,9],[94,9],[95,9],[96,8.8],[97,8.8],[98,8.8],[99,9],[100,9],[101,10],[102,10],[103,10],[104,10],[105,10],[106,10],[107,10],[108,10],[109,10],[110,10],[111,10],[112,10],[113,10],[114,10],[115,12],[116,12],[117,12],[118,12],[119,12],[120,12],[121,12],[122,12],[123,12],[124,12],[125,12],[126,12],[127,12],[128,12],[129,12],[130,12],[131,12],[132,12],[133,12],[134,12],[135,12]]

br:
[[0,0],[1,2.8],[2,2.7],[3,2.6],[4,3],[5,2.6],[6,2.7],[7,2.7],[8,3],[9,3.2],[10,3.5],[11,3.5],[12,3.3],[13,3.7],[14,3.2],[15,3.3],[16,3.9],[17,3.6],[18,3.5],[19,3.5],[20,3.6],[21,3.3],[22,3.4],[23,3.5],[24,3.5],[25,3.4],[26,3.3],[27,3.5],[28,3.5],[29,3.6],[30,3.6],[31,3.6],[32,3.6],[33,3.5],[34,3.6],[35,3.4],[36,3.5],[37,3.5],[38,3.4],[39,3.5],[40,3.4],[41,3.5],[42,3.6],[43,3.4],[44,3.3],[45,3.3],[46,3.3],[47,3.3],[48,3.3],[49,3.2],[50,3.1],[51,3.2],[52,3.1],[53,3.2],[54,3.1],[55,3],[56,3.1],[57,3.1],[58,3.1],[59,3.1],[60,3.1],[61,3],[62,3.1],[63,3],[64,3],[65,3],[66,3.1],[67,3.2],[68,3.1],[69,3.2],[70,3.2],[71,3.1],[72,3.1],[73,3],[74,3],[75,3.1],[76,3.3],[77,3.1],[78,3.2],[79,3],[80,3],[81,3.2],[82,3],[83,3.1],[84,3.1],[85,3.2],[86,3.1],[87,3],[88,3.1],[89,3.1],[90,3.3],[91,3.2],[92,3.3],[93,3.2],[94,3.2],[95,2.3],[96,2.9],[97,3],[98,2.7],[99,3.2],[100,2.3],[101,3.3],[102,2.8],[103,3.5],[104,3.4],[105,3],[106,3.6],[107,3.4],[108,3.5],[109,3.3],[110,3.4],[111,3.6],[112,3.9],[113,3.7],[114,2.8],[115,3.5],[116,7.7],[117,5.7],[118,5.2],[119,4.7],[120,4.7],[121,4.4],[122,4.3],[123,4.2],[124,3.7],[125,4],[126,3.8],[127,3.8],[128,3.6],[129,3.7],[130,3.7],[131,3],[132,2.9],[133,3.1],[134,4.4],[135,0]]

nr:
[[0,0],[1,2.8],[2,2.4],[3,2.5],[4,2.6],[5,2.4],[6,2.3],[7,2.4],[8,2.7],[9,2.8],[10,3],[11,2.9],[12,2.9],[13,3.1],[14,2.7],[15,2.7],[16,3],[17,2.7],[18,2.6],[19,2.5],[20,2.5],[21,2.3],[22,2.2],[23,2.2],[24,2.1],[25,1.9],[26,1.9],[27,1.8],[28,1.8],[29,1.7],[30,1.7],[31,1.6],[32,1.6],[33,1.6],[34,1.5],[35,1.4],[36,1.4],[37,1.4],[38,1.3],[39,1.2],[40,1.2],[41,1.2],[42,1.3],[43,1.1],[44,1],[45,1],[46,1],[47,1],[48,0.9],[49,0.9],[50,0.8],[51,0.9],[52,0.9],[53,0.9],[54,0.9],[55,0.9],[56,0.9],[57,0.9],[58,0.8],[59,0.9],[60,0.8],[61,0.8],[62,0.8],[63,0.7],[64,0.8],[65,0.8],[66,0.8],[67,0.8],[68,0.7],[69,0.7],[70,0.7],[71,0.7],[72,0.6],[73,0.6],[74,0.5],[75,0.5],[76,0.6],[77,0.6],[78,0.5],[79,0.5],[80,0.6],[81,0.6],[82,0.6],[83,0.5],[84,0.4],[85,0.4],[86,0.4],[87,0.4],[88,0.4],[89,0.4],[90,0.4],[91,0.4],[92,0.5],[93,0.4],[94,0.4],[95,0.3],[96,0.4],[97,0.4],[98,0.3],[99,0.3],[100,0.3],[101,0.5],[102,0.5],[103,0.4],[104,0.4],[105,0.3],[106,0.3],[107,0.3],[108,0.4],[109,0.4],[110,0.3],[111,0.4],[112,0.3],[113,0.2],[114,0.1],[115,0.3],[116,0.4],[117,0.4],[118,0.3],[119,0.3],[120,0.3],[121,0.3],[122,0.3],[123,0.3],[124,0.1],[125,0.1],[126,0.1],[127,0.1],[128,0.1],[129,0.1],[130,0.1],[131,0],[132,0],[133,0],[134,0],[135,0]]

---------

travel

infected: 272
[[0,3],[1,3.2],[2,4],[3,4.6],[4,5.8],[5,6.4],[6,7.6],[7,9.2],[8,10.2],[9,12],[10,13.8],[11,17],[12,21.4],[13,23.4],[14,27.4],[15,32.4],[16,36.2],[17,40.6],[18,45.4],[19,47.6],[20,52.8],[21,57.4],[22,64.8],[23,71],[24,78],[25,85],[26,91.6],[27,99],[28,107],[29,114.4],[30,117],[31,118.2],[32,125],[33,130.6],[34,133.2],[35,137.4],[36,142.8],[37,147.8],[38,150],[39,151.8],[40,154.6],[41,152.4],[42,149.8],[43,149.2],[44,148],[45,143.2],[46,138],[47,130.6],[48,124.6],[49,120.8],[50,118.4],[51,112],[52,104.4],[53,99.2],[54,93.6],[55,84.6],[56,76.2],[57,70.4],[58,64.6],[59,57.6],[60,52.4],[61,48.2],[62,41.8],[63,35.4],[64,32],[65,29],[66,27],[67,24.2],[68,22.2],[69,19.8],[70,17.6],[71,15.8],[72,13.8],[73,11.6],[74,11.4],[75,10.2],[76,8.6],[77,7.2],[78,6],[79,5.8],[80,5.2],[81,4.6],[82,4],[83,4.2],[84,4],[85,3.6],[86,3.4],[87,3.4],[88,2.6],[89,2.4],[90,2.2],[91,2],[92,2.3],[93,1.5],[94,1.3],[95,1.7],[96,1.7],[97,1.7],[98,1],[99,1.5],[100,1.5],[101,1.5],[102,1],[103,2],[104,2],[105,1],[106,1],[107,1],[108,1],[109,1],[110,0]]

diseased: 8
[[0,0],[1,0],[2,0],[3,0],[4,0],[5,0],[6,0],[7,0],[8,0],[9,0],[10,0],[11,0],[12,0],[13,0],[14,0],[15,0],[16,0],[17,0],[18,0],[19,0],[20,0],[21,0],[22,0],[23,0.2],[24,0.2],[25,0.2],[26,0.2],[27,0.2],[28,0.2],[29,0.4],[30,0.4],[31,0.4],[32,0.4],[33,0.8],[34,1],[35,1.2],[36,1.2],[37,1.2],[38,1.2],[39,1.4],[40,1.6],[41,1.8],[42,1.8],[43,2.6],[44,2.6],[45,2.6],[46,2.6],[47,3.2],[48,3.4],[49,3.4],[50,3.4],[51,3.8],[52,4.6],[53,4.6],[54,5],[55,5.6],[56,6.2],[57,6.6],[58,7],[59,8],[60,8.6],[61,8.8],[62,8.8],[63,9.6],[64,9.6],[65,9.8],[66,9.8],[67,10],[68,10],[69,10.2],[70,10.2],[71,10.2],[72,10.2],[73,10.2],[74,10.2],[75,10.2],[76,10.2],[77,10.2],[78,10.2],[79,10.2],[80,10.2],[81,10.2],[82,10.2],[83,10.2],[84,10.2],[85,10.2],[86,10.2],[87,10.2],[88,10.4],[89,10.4],[90,10.4],[91,10.6],[92,9.5],[93,9.5],[94,9.5],[95,8.3],[96,8.3],[97,8.3],[98,8.3],[99,8],[100,8],[101,8],[102,8],[103,8],[104,8],[105,8],[106,8],[107,8],[108,8],[109,8],[110,8]]

nr:
[[0,0],[1,2.4],[2,2.2],[3,2.2],[4,2.1],[5,2.8],[6,3.1],[7,2.8],[8,2.5],[9,2.5],[10,2.5],[11,2.8],[12,3],[13,2.6],[14,2.4],[15,2.7],[16,2.7],[17,2.7],[18,2.6],[19,2.6],[20,2.6],[21,2.4],[22,2.4],[23,2.3],[24,2.3],[25,2.2],[26,2.1],[27,2.1],[28,2],[29,2],[30,1.8],[31,1.8],[32,1.6],[33,1.6],[34,1.5],[35,1.4],[36,1.4],[37,1.3],[38,1.3],[39,1.2],[40,1.1],[41,1],[42,1],[43,0.9],[44,0.9],[45,0.8],[46,0.8],[47,0.7],[48,0.7],[49,0.6],[50,0.6],[51,0.6],[52,0.5],[53,0.5],[54,0.5],[55,0.5],[56,0.4],[57,0.4],[58,0.4],[59,0.4],[60,0.4],[61,0.3],[62,0.3],[63,0.3],[64,0.3],[65,0.3],[66,0.3],[67,0.3],[68,0.3],[69,0.3],[70,0.3],[71,0.3],[72,0.2],[73,0.2],[74,0.2],[75,0.3],[76,0.3],[77,0.2],[78,0.2],[79,0.2],[80,0.2],[81,0.2],[82,0.2],[83,0.2],[84,0.2],[85,0.2],[86,0.2],[87,0.2],[88,0.2],[89,0.2],[90,0.2],[91,0.2],[92,0.2],[93,0.2],[94,0.1],[95,0.2],[96,0.2],[97,0.1],[98,0.1],[99,0.2],[100,0.1],[101,0.1],[102,0.1],[103,0.2],[104,0.2],[105,0.3],[106,0.3],[107,0.3],[108,0.3],[109,0.3],[110,0]]
